2.764450e+01 6.325213e-02
2.757803e+01 6.238753e-02
2.769696e+01 6.331043e-02
2.950481e+01 9.881685e-02
2.921790e+01 1.686302e-01
2.968156e+01 1.820734e-01
2.934141e+01 1.636833e-01
2.918797e+01 1.632059e-01
2.918328e+01 1.682239e-01
2.957553e+01 1.710659e-01
2.959094e+01 1.734477e-01
2.892116e+01 1.789398e-01
2.955717e+01 1.804508e-01
2.964818e+01 1.839760e-01
2.926528e+01 1.864000e-01
2.941498e+01 1.852412e-01
2.908468e+01 1.844326e-01
2.988194e+01 1.855871e-01
2.994463e+01 1.867935e-01
3.001596e+01 1.875364e-01
3.024988e+01 1.890673e-01
3.009285e+01 1.911011e-01
3.023926e+01 1.914026e-01
3.008184e+01 1.940643e-01
2.966277e+01 1.963651e-01
2.992055e+01 1.986991e-01
2.989090e+01 2.002679e-01
2.988338e+01 1.977676e-01
3.004546e+01 1.974500e-01
2.983122e+01 1.964281e-01
3.018863e+01 1.976238e-01
2.978947e+01 1.951128e-01
2.979798e+01 1.965899e-01
3.105359e+01 1.805736e-01
3.109905e+01 1.798178e-01
3.107849e+01 1.805000e-01
2.997521e+01 1.946557e-01
3.147720e+01 1.642042e-01
3.183599e+01 1.400859e-01
3.059527e+01 1.968167e-01
3.192133e+01 1.408552e-01
2.988261e+01 1.970093e-01
3.178443e+01 1.407939e-01
2.986364e+01 1.974862e-01
3.184063e+01 1.426453e-01
2.976452e+01 1.989760e-01
2.983961e+01 1.979403e-01
3.224059e+01 1.240399e-01
3.232438e+01 1.199793e-01
2.980254e+01 1.987669e-01
3.195540e+01 1.264612e-01
2.973875e+01 2.002132e-01
3.186780e+01 1.259789e-01
2.985413e+01 2.022761e-01
3.231151e+01 1.237186e-01
2.968769e+01 2.033440e-01
3.239440e+01 1.225362e-01
2.997063e+01 2.048781e-01
3.227396e+01 1.220404e-01
2.979414e+01 2.059614e-01
3.221823e+01 1.195652e-01
2.973766e+01 2.075598e-01
3.245745e+01 1.173308e-01
2.972636e+01 2.075289e-01
3.248488e+01 1.159532e-01
2.981243e+01 2.042025e-01
3.230758e+01 1.161153e-01
2.974880e+01 1.993241e-01
3.227891e+01 1.138886e-01
2.955664e+01 1.970207e-01
3.247065e+01 1.122251e-01
2.998060e+01 1.962483e-01
3.253572e+01 1.091833e-01
2.987277e+01 1.963598e-01
3.215073e+01 1.081303e-01
2.631523e+01 1.247869e-01
2.618761e+01 1.261544e-01
2.616393e+01 1.248652e-01
2.919224e+01 1.768840e-01
2.988638e+01 1.985369e-01
3.193408e+01 1.140396e-01
2.999992e+01 1.586533e-01
2.983885e+01 1.981475e-01
3.218969e+01 1.155864e-01
2.983058e+01 1.686514e-01
2.977774e+01 2.015128e-01
3.218250e+01 1.160560e-01
3.012844e+01 1.628310e-01
2.950305e+01 2.034779e-01
3.221560e+01 1.200267e-01
2.893325e+01 1.359760e-01
2.990919e+01 2.044143e-01
3.227660e+01 1.100463e-01
2.987346e+01 2.077629e-01
2.929696e+01 1.409270e-01
3.244078e+01 1.176881e-01
2.974628e+01 2.053160e-01
3.195366e+01 1.174289e-01
2.930159e+01 1.590990e-01
2.986590e+01 2.045073e-01
3.238660e+01 1.173794e-01
3.217168e+01 1.585802e-01
2.987368e+01 2.069792e-01
3.235464e+01 1.177402e-01
3.216035e+01 1.618973e-01
3.160575e+01 2.088232e-01
3.236814e+01 1.167749e-01
3.226226e+01 1.755039e-01
3.200632e+01 2.111984e-01
3.220405e+01 1.167823e-01
3.201021e+01 1.803206e-01
3.226139e+01 1.154461e-01
3.170406e+01 2.104068e-01
3.151829e+01 1.697562e-01
3.249373e+01 1.160534e-01
2.988707e+01 2.122005e-01
2.855835e+01 1.665732e-01
3.222363e+01 1.165807e-01
2.958129e+01 2.143882e-01
2.863543e+01 1.710717e-01
3.228410e+01 1.166998e-01
2.962002e+01 2.147591e-01
2.923455e+01 1.747869e-01
3.239899e+01 1.165122e-01
2.980502e+01 2.154645e-01
2.875089e+01 1.706131e-01
3.235290e+01 1.171828e-01
2.946396e+01 2.141843e-01
3.225290e+01 1.173749e-01
2.981447e+01 2.150265e-01
2.951658e+01 1.762268e-01
3.217505e+01 1.177440e-01
2.969606e+01 2.145716e-01
2.850935e+01 1.728574e-01
3.245266e+01 1.169348e-01
2.967485e+01 2.144120e-01
2.849461e+01 1.734826e-01
3.219311e+01 1.176364e-01
3.122261e+01 2.148599e-01
2.880864e+01 1.728923e-01
3.230919e+01 1.174681e-01
2.972420e+01 2.146505e-01
2.870995e+01 1.733407e-01
3.199493e+01 1.173947e-01
2.974337e+01 2.138181e-01
2.935152e+01 1.713545e-01
3.232860e+01 1.174740e-01
2.966924e+01 2.136805e-01
2.866655e+01 1.704470e-01
3.229004e+01 1.183408e-01
2.971686e+01 2.141144e-01
2.869499e+01 1.724306e-01
3.250613e+01 1.176572e-01
2.972532e+01 2.150027e-01
3.218568e+01 1.173625e-01
2.861390e+01 1.721612e-01
2.962487e+01 2.118872e-01
3.210993e+01 1.180299e-01
2.861563e+01 1.710363e-01
2.980350e+01 2.112327e-01
3.213343e+01 1.173350e-01
2.831788e+01 1.702296e-01
2.976159e+01 2.149846e-01
3.229153e+01 1.180534e-01
2.963144e+01 2.150175e-01
2.877282e+01 1.681649e-01
3.229624e+01 1.182111e-01
2.966675e+01 2.123915e-01
2.928628e+01 1.679749e-01
3.242173e+01 1.183432e-01
2.946610e+01 2.107723e-01
2.918253e+01 1.665363e-01
3.245368e+01 1.183333e-01
3.110400e+01 2.132035e-01
3.218120e+01 1.177895e-01
2.845483e+01 1.666151e-01
3.196664e+01 2.123294e-01
3.238297e+01 1.187272e-01
2.866771e+01 1.762674e-01
3.181248e+01 2.133339e-01
3.212473e+01 1.185908e-01
2.905104e+01 1.929592e-01
3.205221e+01 2.131444e-01
3.220970e+01 1.189302e-01
2.874657e+01 2.034026e-01
3.223169e+01 1.189926e-01
3.166813e+01 2.122919e-01
3.186808e+01 2.154520e-01
3.259555e+01 1.191975e-01
3.018718e+01 2.175961e-01
3.177438e+01 1.646425e-01
3.235071e+01 1.192597e-01
2.968964e+01 2.194919e-01
2.852566e+01 2.280209e-01
3.254289e+01 1.202143e-01
2.968694e+01 2.167625e-01
2.824576e+01 2.341844e-01
3.230284e+01 1.198625e-01
2.987610e+01 2.145058e-01
3.170175e+01 2.416580e-01
3.217710e+01 1.203205e-01
2.994112e+01 2.148798e-01
2.855014e+01 2.060352e-01
3.225693e+01 1.198447e-01
2.982859e+01 2.146472e-01
2.836641e+01 2.108155e-01
3.234003e+01 1.205977e-01
2.984667e+01 2.151451e-01
3.202179e+01 1.210919e-01
2.908521e+01 2.193891e-01
2.957194e+01 2.161436e-01
3.232326e+01 1.217448e-01
3.191194e+01 2.244882e-01
2.977268e+01 2.168127e-01
3.160561e+01 2.276696e-01
2.953834e+01 2.163255e-01
2.834877e+01 2.318837e-01
2.976486e+01 2.152153e-01
2.981550e+01 2.147111e-01
2.832621e+01 2.366848e-01
2.968066e+01 2.154139e-01
2.920759e+01 2.311360e-01
2.963954e+01 2.172837e-01
2.825457e+01 2.356688e-01
3.118003e+01 2.159150e-01
2.884036e+01 2.400712e-01
3.135860e+01 2.194302e-01
2.920345e+01 2.424575e-01
3.177202e+01 2.166732e-01
2.964990e+01 2.171230e-01
2.906620e+01 2.440979e-01
2.995101e+01 2.159364e-01
2.894110e+01 2.418969e-01
2.970472e+01 2.153509e-01
2.926204e+01 2.474098e-01
3.169211e+01 2.203530e-01
3.190748e+01 2.495105e-01
3.176591e+01 2.187735e-01
2.825947e+01 2.498687e-01
2.961521e+01 2.146446e-01
3.171018e+01 2.520502e-01
2.962494e+01 2.178551e-01
2.957620e+01 2.209591e-01
2.912115e+01 2.529486e-01
3.160389e+01 2.183275e-01
2.888190e+01 2.533497e-01
3.016286e+01 2.182092e-01
2.865943e+01 2.551461e-01
2.907834e+01 2.561309e-01
2.868013e+01 2.579344e-01
2.887144e+01 2.611616e-01
2.821762e+01 2.606118e-01
2.900486e+01 2.626551e-01
2.863936e+01 2.630030e-01
2.828873e+01 2.638557e-01
2.929946e+01 2.651530e-01
2.891850e+01 2.655678e-01
2.880098e+01 2.684307e-01
2.829415e+01 2.685392e-01
2.800900e+01 2.698501e-01
2.797595e+01 2.711783e-01
2.800441e+01 2.727328e-01
2.825588e+01 2.727294e-01
2.886665e+01 2.753641e-01
2.847430e+01 2.752299e-01
2.799847e+01 2.757023e-01
2.850270e+01 2.738467e-01
2.805073e+01 2.775829e-01
2.800683e+01 2.778357e-01
2.822302e+01 2.762210e-01
2.675638e+01 8.846470e-02
2.684263e+01 8.782962e-02
2.680822e+01 8.797710e-02
2.994369e+01 1.857969e-01
3.021086e+01 1.622547e-01
2.981809e+01 1.767541e-01
3.035740e+01 1.721197e-01
2.875821e+01 1.518876e-01
2.920287e+01 1.460141e-01
2.869932e+01 1.766956e-01
2.929428e+01 1.729297e-01
2.400195e+01 1.868384e-01
2.397662e+01 1.870420e-01
2.393491e+01 1.883961e-01
2.876559e+01 1.550572e-01
2.870967e+01 1.852133e-01
2.883525e+01 1.806297e-01
2.849458e+01 1.895337e-01
2.871293e+01 1.812201e-01
2.819882e+01 1.988014e-01
2.848669e+01 1.809583e-01
2.819678e+01 2.145815e-01
2.867731e+01 1.798677e-01
2.809439e+01 1.910803e-01
2.854265e+01 1.772526e-01
2.828455e+01 1.826227e-01
3.210325e+01 1.766043e-01
2.787290e+01 1.896734e-01
3.194233e+01 1.784310e-01
2.827174e+01 1.888540e-01
3.153560e+01 1.815414e-01
2.822315e+01 1.926734e-01
2.868557e+01 1.825538e-01
2.825732e+01 1.972934e-01
2.847155e+01 1.863344e-01
2.776474e+01 2.027070e-01
2.860248e+01 1.835327e-01
2.772914e+01 2.042057e-01
2.810921e+01 1.812791e-01
2.802882e+01 2.109742e-01
2.809612e+01 1.814822e-01
2.789543e+01 2.133898e-01
2.827721e+01 1.809101e-01
2.790034e+01 2.177156e-01
3.007888e+01 1.791016e-01
2.805731e+01 2.186643e-01
3.003773e+01 1.824485e-01
2.779731e+01 2.100226e-01
2.981690e+01 1.813015e-01
2.791207e+01 2.113725e-01
2.849046e+01 1.800906e-01
2.802579e+01 2.055297e-01
2.855426e+01 1.819530e-01
2.789672e+01 1.552182e-01
2.886843e+01 1.610440e-01
2.804845e+01 1.563007e-01
2.892220e+01 1.601698e-01
2.787499e+01 1.568854e-01
2.809186e+01 1.619223e-01
2.877490e+01 1.600991e-01
2.794240e+01 1.650359e-01
2.866059e+01 1.596546e-01
2.770348e+01 1.680444e-01
2.896551e+01 1.596701e-01
2.795004e+01 1.679213e-01
2.874799e+01 1.601281e-01
2.792523e+01 1.675930e-01
2.899339e+01 1.607753e-01
2.807108e+01 1.677463e-01
2.893971e+01 1.600134e-01
2.794074e+01 1.712143e-01
2.897506e+01 1.596011e-01
2.782739e+01 1.704535e-01
2.908826e+01 1.581478e-01
2.984495e+01 1.697801e-01
2.928460e+01 1.571717e-01
3.188277e+01 1.671043e-01
2.920625e+01 1.533569e-01
3.181760e+01 1.704760e-01
2.904329e+01 1.540475e-01
3.184745e+01 1.696542e-01
2.855768e+01 1.519599e-01
3.162836e+01 1.705211e-01
2.920927e+01 1.477130e-01
3.178279e+01 1.718535e-01
2.910050e+01 1.463029e-01
3.186483e+01 1.706263e-01
2.893320e+01 1.721922e-01
2.843620e+01 1.441283e-01
3.069238e+01 1.715232e-01
2.882178e+01 1.341669e-01
2.941360e+01 1.743404e-01
2.846535e+01 1.254557e-01
2.833517e+01 1.745208e-01
2.888948e+01 1.255593e-01
3.199728e+01 1.745676e-01
2.862753e+01 1.336022e-01
3.187403e+01 1.738616e-01
3.162658e+01 1.396504e-01
3.182055e+01 1.748294e-01
3.143139e+01 1.330583e-01
3.198231e+01 1.774747e-01
3.208571e+01 1.316030e-01
3.206951e+01 1.763881e-01
3.183590e+01 1.783890e-01
3.204586e+01 1.241031e-01
3.050031e+01 1.791215e-01
3.109347e+01 1.327082e-01
2.832981e+01 1.794766e-01
3.161982e+01 1.328776e-01
2.917083e+01 1.800504e-01
3.161638e+01 1.479710e-01
2.921656e+01 1.806226e-01
2.805712e+01 1.777799e-01
3.165363e+01 1.525924e-01
3.178076e+01 1.798971e-01
3.174825e+01 1.353428e-01
3.193710e+01 1.793242e-01
3.000750e+01 1.132420e-01
3.181258e+01 1.808473e-01
3.000015e+01 1.325994e-01
3.041120e+01 1.811628e-01
3.046809e+01 1.422162e-01
2.765818e+01 1.821997e-01
2.755749e+01 1.794627e-01
3.001408e+01 1.315000e-01
2.833737e+01 1.778489e-01
2.998328e+01 1.263319e-01
3.026209e+01 1.205045e-01
3.037637e+01 1.240222e-01
2.544371e+01 8.275879e-02
2.517744e+01 8.197854e-02
2.516562e+01 8.218183e-02
2.897904e+01 1.679984e-01
2.942824e+01 1.336461e-01
3.012587e+01 1.184009e-01
3.022858e+01 1.177412e-01
3.034783e+01 1.202248e-01
3.274248e+01 1.189896e-01
3.234396e+01 1.120554e-01
3.238297e+01 1.116390e-01
3.247746e+01 1.115286e-01
3.244411e+01 1.151135e-01
3.237003e+01 1.190817e-01
3.236803e+01 1.192575e-01
3.235844e+01 1.207938e-01
3.225564e+01 1.224844e-01
3.216613e+01 1.238726e-01
3.212362e+01 1.261639e-01
3.202204e+01 1.263787e-01
3.208935e+01 1.263782e-01
3.202862e+01 1.267506e-01
3.162693e+01 1.262980e-01
3.177847e+01 1.271310e-01
3.182799e+01 1.286147e-01
3.162336e+01 1.300771e-01
3.041201e+01 1.297106e-01
2.960753e+01 1.313773e-01
2.966472e+01 1.322949e-01
2.894627e+01 1.331293e-01
2.925859e+01 1.351273e-01
2.964070e+01 1.340383e-01
3.168544e+01 1.338316e-01
3.176704e+01 1.342391e-01
2.953417e+01 1.360861e-01
2.939258e+01 1.356777e-01
2.968166e+01 1.370601e-01
2.820008e+01 1.365084e-01
2.828272e+01 1.372457e-01
3.001258e+01 1.379775e-01
2.824143e+01 1.350523e-01
2.818430e+01 1.333923e-01
2.937432e+01 1.355768e-01
2.814248e+01 1.385294e-01
2.805696e+01 1.396558e-01
2.941486e+01 1.411083e-01
2.962053e+01 1.381170e-01
2.868750e+01 1.404931e-01
2.938211e+01 1.424288e-01
2.816610e+01 1.438150e-01
2.795750e+01 1.444497e-01
2.808975e+01 1.450551e-01
2.862702e+01 1.447374e-01
2.906317e+01 1.407810e-01
2.907103e+01 1.437985e-01
2.810349e+01 1.420427e-01
2.891618e+01 1.398956e-01
3.179525e+01 8.725337e-02
3.182430e+01 8.806706e-02
3.178801e+01 8.736729e-02
2.833677e+01 1.417670e-01
3.193425e+01 1.164524e-01
3.258372e+01 1.088397e-01
2.835911e+01 1.417725e-01
3.243701e+01 1.080420e-01
2.894053e+01 1.438175e-01
3.244555e+01 1.089285e-01
2.774225e+01 1.452754e-01
3.243156e+01 1.022718e-01
2.875459e+01 1.452290e-01
2.904334e+01 1.450323e-01
3.241605e+01 1.000980e-01
2.885113e+01 1.466507e-01
3.255353e+01 1.016769e-01
2.869423e+01 1.463902e-01
3.233820e+01 1.061455e-01
2.841208e+01 1.456916e-01
3.262071e+01 1.071837e-01
2.870939e+01 1.447412e-01
3.240708e+01 1.029096e-01
2.847626e+01 1.462749e-01
3.254520e+01 9.692967e-02
2.850879e+01 1.476407e-01
2.860015e+01 1.476476e-01
3.238258e+01 1.106789e-01
2.890790e+01 1.478138e-01
3.227450e+01 1.090158e-01
2.846976e+01 1.480039e-01
3.226749e+01 1.195116e-01
2.842417e+01 1.470421e-01
3.234077e+01 1.201385e-01
2.866711e+01 1.491912e-01
2.809937e+01 1.489693e-01
3.206998e+01 1.177487e-01
2.988132e+01 1.473210e-01
3.186308e+01 1.356866e-01
2.857753e+01 1.494842e-01
3.185084e+01 1.220755e-01
2.847780e+01 1.510075e-01
2.923142e+01 1.512035e-01
3.159956e+01 1.251715e-01
2.891995e+01 1.522316e-01
3.181433e+01 1.354180e-01
3.165024e+01 1.522394e-01
3.176080e+01 1.454664e-01
3.184154e+01 1.524383e-01
3.159902e+01 1.532925e-01
3.190664e+01 1.529361e-01
2.961233e+01 1.548917e-01
3.159257e+01 1.547789e-01
2.891665e+01 1.553084e-01
3.192409e+01 1.553298e-01
2.944112e+01 1.548404e-01
3.186727e+01 1.504223e-01
3.201044e+01 1.566575e-01
3.213323e+01 1.416425e-01
3.238289e+01 1.570854e-01
3.240824e+01 1.574818e-01
3.218169e+01 1.388887e-01
3.210528e+01 1.591283e-01
3.199661e+01 1.376761e-01
3.199646e+01 1.603985e-01
3.211241e+01 1.380979e-01
3.196133e+01 1.606467e-01
3.202192e+01 1.214106e-01
3.219696e+01 1.616758e-01
3.190081e+01 1.622638e-01
3.210274e+01 1.020548e-01
3.213616e+01 1.621375e-01
3.191538e+01 9.650870e-02
3.195066e+01 1.615807e-01
3.144701e+01 1.003218e-01
3.188351e+01 1.632827e-01
3.197101e+01 1.148463e-01
3.223160e+01 1.629311e-01
3.198173e+01 1.623506e-01
3.195808e+01 1.307819e-01
3.200273e+01 1.607182e-01
3.198043e+01 1.421861e-01
3.211190e+01 1.637814e-01
3.180821e+01 1.423859e-01
3.215496e+01 1.642298e-01
3.208502e+01 1.400574e-01
3.190396e+01 1.649831e-01
3.189041e+01 1.374396e-01
3.180786e+01 1.642829e-01
3.202430e+01 1.381218e-01
3.202031e+01 1.637760e-01
3.200965e+01 1.660299e-01
3.187939e+01 1.460531e-01
3.219291e+01 1.641692e-01
3.181240e+01 1.525918e-01
3.212836e+01 1.656140e-01
3.205161e+01 1.587026e-01
3.173695e+01 1.659075e-01
3.196273e+01 1.691571e-01
3.184525e+01 1.663409e-01
3.220532e+01 1.691878e-01
3.190645e+01 1.645888e-01
3.199738e+01 1.681310e-01
3.206165e+01 1.662176e-01
3.174535e+01 1.615244e-01
3.199268e+01 1.636065e-01
2.904117e+01 1.604713e-01
2.875228e+01 1.707298e-01
2.842817e+01 1.877949e-01
3.208356e+01 1.940689e-01
3.218615e+01 1.939433e-01
3.145281e+01 1.872929e-01
2.864853e+01 1.865638e-01
2.858804e+01 1.963855e-01
2.898309e+01 1.896765e-01
2.836018e+01 1.787943e-01
2.836133e+01 1.683026e-01
2.837812e+01 1.695207e-01
2.840499e+01 1.720436e-01
2.818843e+01 1.771880e-01
2.747330e+01 7.044058e-02
2.739491e+01 6.934114e-02
2.752155e+01 6.947136e-02
3.014451e+01 1.484794e-01
3.119065e+01 1.558454e-01
3.062889e+01 1.610356e-01
3.075194e+01 1.591804e-01
3.083411e+01 1.648581e-01
3.041187e+01 1.648433e-01
3.093864e+01 1.580421e-01
3.065009e+01 1.526504e-01
3.099507e+01 1.433643e-01
3.119344e+01 1.401177e-01
3.039343e+01 1.410344e-01
3.104907e+01 1.452946e-01
3.063566e+01 1.479706e-01
3.175038e+01 1.885269e-01
3.091121e+01 1.813915e-01
3.070241e+01 1.871555e-01
3.195702e+01 1.886603e-01
3.191270e+01 1.878295e-01
3.191283e+01 1.858895e-01
3.204845e+01 1.851279e-01
3.204717e+01 1.864097e-01
3.193506e+01 1.862016e-01
3.049484e+01 1.882238e-01
3.050386e+01 1.871637e-01
3.140280e+01 1.872015e-01
3.180390e+01 1.883386e-01
3.188110e+01 1.911794e-01
3.187398e+01 1.913774e-01
3.186542e+01 1.904532e-01
3.029368e+01 1.912960e-01
3.002811e+01 1.928716e-01
2.938296e+01 1.935606e-01
2.933470e+01 1.934983e-01
2.899380e+01 1.947552e-01
2.902848e+01 1.956976e-01
2.903782e+01 1.966592e-01
2.986652e+01 1.971099e-01
2.928172e+01 1.989843e-01
2.871764e+01 1.988325e-01
2.897623e+01 1.998212e-01
2.857016e+01 1.999218e-01
2.902707e+01 2.012766e-01
2.866585e+01 2.026432e-01
2.929434e+01 2.027724e-01
2.855695e+01 2.039634e-01
2.940650e+01 2.051528e-01
2.831957e+01 2.049247e-01
2.863194e+01 2.054913e-01
2.843784e+01 2.052794e-01
2.845009e+01 2.087369e-01
2.899498e+01 2.074392e-01
2.853072e+01 2.116982e-01
2.853896e+01 2.111781e-01
2.829276e+01 2.130783e-01
2.839053e+01 2.122816e-01
2.822787e+01 2.143164e-01
2.840856e+01 2.149673e-01
2.900304e+01 2.169013e-01
3.156660e+01 2.176817e-01
3.170381e+01 2.194053e-01
3.170693e+01 2.202274e-01
3.177092e+01 2.247282e-01
3.164098e+01 2.219055e-01
3.185871e+01 2.262809e-01
3.158539e+01 2.277701e-01
2.829817e+01 2.253681e-01
2.879784e+01 2.283471e-01
3.170076e+01 2.325789e-01
3.179817e+01 2.338500e-01
2.864404e+01 2.324904e-01
2.836552e+01 2.348577e-01
2.839160e+01 2.344690e-01
2.906397e+01 2.388625e-01
2.864987e+01 2.390486e-01
2.879413e+01 2.405640e-01
3.178684e+01 2.403136e-01
3.197718e+01 2.423326e-01
3.159458e+01 2.416362e-01
3.024226e+01 2.402609e-01
2.871550e+01 2.431671e-01
3.157026e+01 2.453348e-01
3.180893e+01 2.462806e-01
3.187493e+01 2.483577e-01
2.842167e+01 2.463613e-01
3.056486e+01 2.218021e-01
3.048500e+01 2.225648e-01
3.051045e+01 2.217408e-01
3.204571e+01 1.077402e-01
3.198668e+01 1.244157e-01
3.221815e+01 1.260822e-01
3.216278e+01 1.258812e-01
3.208485e+01 1.239529e-01
3.210323e+01 1.214015e-01
3.220371e+01 1.214758e-01
3.184680e+01 1.254878e-01
3.173174e+01 1.282430e-01
3.134231e+01 1.255895e-01
3.145035e+01 1.214325e-01
3.159680e+01 1.192637e-01
3.127224e+01 1.155163e-01
3.178440e+01 1.146704e-01
3.208069e+01 1.047588e-01
3.223031e+01 1.062782e-01
3.208212e+01 1.128463e-01
3.216256e+01 1.061215e-01
3.187321e+01 1.053573e-01
3.263378e+01 9.441369e-02
3.257002e+01 1.045884e-01
3.247889e+01 1.062004e-01
3.265981e+01 1.022399e-01
3.235041e+01 1.032779e-01
3.224486e+01 1.104068e-01
3.258767e+01 1.106117e-01
3.253597e+01 1.119701e-01
3.253695e+01 1.112636e-01
3.237605e+01 1.068861e-01
3.258432e+01 1.090875e-01
3.224555e+01 1.021638e-01
3.243550e+01 1.094974e-01
3.225622e+01 1.122511e-01
3.227157e+01 1.118974e-01
3.238290e+01 1.106352e-01
3.247279e+01 1.104127e-01
3.243336e+01 1.096121e-01
3.246179e+01 1.099855e-01
3.238944e+01 1.086992e-01
3.238576e+01 1.084647e-01
3.257764e+01 1.087130e-01
3.251342e+01 1.112638e-01
3.237049e+01 1.117029e-01
3.256827e+01 1.098764e-01
3.226488e+01 1.091235e-01
3.212716e+01 1.102238e-01
3.219811e+01 1.099632e-01
3.193618e+01 1.100061e-01
3.214863e+01 1.099861e-01
3.230220e+01 1.107587e-01
3.195677e+01 1.101372e-01
3.191904e+01 1.099787e-01
3.208951e+01 1.105669e-01
3.206136e+01 1.109437e-01
3.211315e+01 1.100022e-01
3.200858e+01 1.101580e-01
3.202130e+01 1.104440e-01
3.219301e+01 1.097954e-01
3.212409e+01 1.100717e-01
3.186870e+01 1.104058e-01
3.224317e+01 1.103453e-01
3.210875e+01 1.111796e-01
3.221889e+01 1.112040e-01
3.228020e+01 1.109796e-01
3.195908e+01 1.111779e-01
3.213847e+01 1.115273e-01
3.230209e+01 1.119047e-01
3.191567e+01 1.106812e-01
3.217940e+01 1.116170e-01
3.225166e+01 1.100493e-01
3.212916e+01 1.101338e-01
3.196613e+01 1.103459e-01
3.213711e+01 1.084166e-01
3.192905e+01 1.080857e-01
3.210400e+01 1.084897e-01
3.258349e+01 1.094539e-01
3.239241e+01 1.079721e-01
3.242417e+01 1.073588e-01
3.269082e+01 1.078929e-01
3.252308e+01 1.075846e-01
3.270061e+01 1.077816e-01
3.238469e+01 1.076890e-01
3.235086e+01 1.066572e-01
3.226595e+01 1.061377e-01
3.235175e+01 1.060458e-01
3.233214e+01 1.069759e-01
3.262389e+01 1.121872e-01
3.239108e+01 1.104646e-01
3.244502e+01 1.126961e-01
3.237918e+01 1.121872e-01
3.196377e+01 1.228982e-01
3.185303e+01 1.226035e-01
3.167513e+01 1.231537e-01
3.196336e+01 1.224636e-01
3.184903e+01 1.227727e-01
3.184395e+01 1.218948e-01
3.186485e+01 1.227609e-01
3.189816e+01 1.233217e-01
3.192122e+01 1.239015e-01
3.220124e+01 1.257141e-01
3.205788e+01 1.261506e-01
3.197616e+01 1.273272e-01
3.197547e+01 1.273905e-01
3.200185e+01 1.282136e-01
3.204586e+01 1.293897e-01
3.199594e+01 1.300770e-01
3.226617e+01 1.307382e-01
3.191253e+01 1.321809e-01
3.192980e+01 1.317092e-01
3.168712e+01 1.323505e-01
3.195874e+01 1.342318e-01
3.223015e+01 1.351031e-01
3.191911e+01 1.345447e-01
3.216372e+01 1.361427e-01
3.204212e+01 1.360984e-01
2.446174e+01 9.990699e-02
2.455357e+01 9.992673e-02
2.441488e+01 9.753076e-02
3.188412e+01 1.372845e-01
3.227392e+01 8.594450e-02
3.226402e+01 1.083864e-01
3.206972e+01 1.075118e-01
3.251652e+01 1.086104e-01
3.207943e+01 1.120879e-01
3.235097e+01 1.133956e-01
3.257087e+01 1.123185e-01
3.257208e+01 1.155464e-01
3.208048e+01 1.163042e-01
3.226162e+01 1.177034e-01
3.245852e+01 1.195918e-01
3.231320e+01 1.202737e-01
3.214131e+01 1.199148e-01
3.255836e+01 1.206888e-01
3.229846e+01 1.233348e-01
3.225644e+01 1.237061e-01
3.216377e+01 1.232669e-01
3.220878e+01 1.223203e-01
3.222429e+01 1.210806e-01
3.239002e+01 1.225611e-01
3.204150e+01 1.221450e-01
3.235364e+01 1.217429e-01
3.224949e+01 1.208759e-01
3.230441e+01 1.187052e-01
3.208501e+01 1.215789e-01
3.191898e+01 1.201244e-01
3.230303e+01 1.197210e-01
3.231402e+01 1.197195e-01
3.227168e+01 1.194771e-01
3.231094e+01 1.180549e-01
3.230843e+01 1.179256e-01
3.224126e+01 1.181567e-01
3.215365e+01 1.186386e-01
3.214523e+01 1.201352e-01
3.231971e+01 1.224617e-01
3.220118e+01 1.238674e-01
3.236957e+01 1.256953e-01
3.205959e+01 1.281571e-01
3.215638e+01 1.294695e-01
3.191866e+01 1.329016e-01
3.215125e+01 1.364683e-01
3.197068e+01 1.392117e-01
3.234018e+01 1.415661e-01
3.229521e+01 1.431410e-01
3.224191e+01 1.459243e-01
3.200025e+01 1.462156e-01
3.234963e+01 1.466715e-01
3.226844e+01 1.488946e-01
3.218248e+01 1.488103e-01
3.200220e+01 1.481512e-01
3.217789e+01 1.481628e-01
3.221776e+01 1.489638e-01
3.239078e+01 1.482788e-01
3.263000e+01 1.456607e-01
3.240329e+01 1.417509e-01
3.227520e+01 1.383900e-01
3.223883e+01 1.346459e-01
3.230251e+01 1.315579e-01
3.222234e+01 1.303198e-01
3.211134e+01 1.302134e-01
3.214102e+01 1.301778e-01
3.221035e+01 1.306901e-01
3.186944e+01 1.311847e-01
3.229016e+01 1.323628e-01
3.214662e+01 1.335189e-01
3.211542e+01 1.345413e-01
3.224823e+01 1.361876e-01
3.191104e+01 1.361611e-01
3.188433e+01 1.359085e-01
3.199911e+01 1.361703e-01
3.203517e+01 1.369031e-01
3.215243e+01 1.368240e-01
2.386383e+01 1.399990e-01
2.385461e+01 1.408383e-01
2.395209e+01 1.403506e-01
2.814718e+01 1.223211e-01
2.586635e+01 7.402939e-02
2.565578e+01 7.416841e-02
2.581422e+01 7.434983e-02
2.895557e+01 1.736133e-01
2.916320e+01 1.424472e-01
2.932447e+01 1.350428e-01
2.888060e+01 1.438382e-01
3.113379e+01 1.201940e-01
2.845503e+01 1.401915e-01
3.191865e+01 1.187948e-01
3.209575e+01 1.484464e-01
3.215364e+01 1.222424e-01
3.196515e+01 1.468518e-01
3.197887e+01 1.219103e-01
3.196386e+01 1.458866e-01
3.243662e+01 1.199858e-01
3.215960e+01 1.527110e-01
3.262362e+01 1.182786e-01
3.200146e+01 1.519582e-01
3.236910e+01 1.178994e-01
3.241912e+01 1.176390e-01
3.204048e+01 1.472469e-01
3.231199e+01 1.167286e-01
3.223098e+01 1.411120e-01
3.242729e+01 1.194574e-01
3.224398e+01 1.342945e-01
3.231925e+01 1.181382e-01
3.179537e+01 1.372747e-01
3.230032e+01 1.162730e-01
3.189180e+01 1.436047e-01
3.259533e+01 1.152289e-01
3.255596e+01 1.144079e-01
3.131246e+01 1.534059e-01
3.226906e+01 1.136802e-01
3.139141e+01 1.561441e-01
3.239682e+01 1.136342e-01
3.156716e+01 1.461840e-01
3.243923e+01 1.106762e-01
3.155441e+01 1.360701e-01
3.234620e+01 1.077665e-01
3.242634e+01 1.053990e-01
3.164738e+01 1.277480e-01
3.226796e+01 1.057583e-01
3.155807e+01 1.325796e-01
3.253504e+01 1.081923e-01
3.103854e+01 1.216877e-01
3.238179e+01 1.082455e-01
3.224772e+01 1.079321e-01
3.180572e+01 1.234942e-01
3.250623e+01 1.063577e-01
3.163117e+01 1.375156e-01
3.204576e+01 1.064249e-01
3.203164e+01 1.366510e-01
3.237803e+01 1.061209e-01
3.124131e+01 1.328759e-01
3.236237e+01 1.077248e-01
3.155881e+01 1.357839e-01
3.255102e+01 1.123265e-01
3.244615e+01 1.124961e-01
3.142712e+01 1.219170e-01
3.242359e+01 1.112894e-01
2.972332e+01 1.238066e-01
3.233085e+01 1.145016e-01
2.993858e+01 1.210642e-01
3.224799e+01 1.078856e-01
2.997009e+01 1.204874e-01
3.221546e+01 1.055753e-01
3.051663e+01 1.210342e-01
3.246466e+01 1.043416e-01
3.227146e+01 1.221972e-01
3.238182e+01 1.064485e-01
3.234294e+01 1.234236e-01
3.210668e+01 1.120801e-01
3.234902e+01 1.117559e-01
3.204872e+01 1.084803e-01
3.233746e+01 1.090410e-01
3.214100e+01 1.068476e-01
3.235859e+01 1.069220e-01
3.245598e+01 1.165558e-01
3.240150e+01 1.070057e-01
3.203418e+01 1.186237e-01
3.220060e+01 1.089022e-01
3.207004e+01 1.243155e-01
3.236602e+01 1.103922e-01
3.208724e+01 1.308715e-01
3.231674e+01 1.102270e-01
3.216555e+01 1.363080e-01
3.228769e+01 1.094926e-01
3.174345e+01 1.368098e-01
3.243968e+01 1.098424e-01
3.145922e+01 1.333666e-01
3.264094e+01 1.090274e-01
3.141682e+01 1.249446e-01
3.246276e+01 1.089753e-01
3.168065e+01 1.441092e-01
3.257689e+01 1.096251e-01
3.137954e+01 1.561174e-01
3.247195e+01 1.080615e-01
3.135290e+01 1.593976e-01
3.256768e+01 1.054393e-01
3.127854e+01 1.581749e-01
3.239748e+01 1.026163e-01
3.142754e+01 1.533986e-01
3.230232e+01 1.030926e-01
3.168180e+01 1.502873e-01
3.239527e+01 1.034894e-01
3.161487e+01 1.518780e-01
3.245901e+01 1.057584e-01
3.130527e+01 1.514801e-01
3.217383e+01 1.039114e-01
3.187642e+01 1.019051e-01
3.171743e+01 1.502171e-01
3.211531e+01 1.021756e-01
3.161036e+01 1.478808e-01
3.197225e+01 1.016640e-01
3.194379e+01 1.445596e-01
3.222328e+01 1.005094e-01
3.202957e+01 1.449033e-01
3.210416e+01 1.002460e-01
3.132188e+01 1.439266e-01
3.233034e+01 1.004549e-01
3.167276e+01 1.323796e-01
3.202893e+01 1.004791e-01
3.145816e+01 1.185003e-01
3.221805e+01 1.000882e-01
3.131426e+01 1.240914e-01
3.192592e+01 1.001822e-01
3.099108e+01 1.313854e-01
3.206534e+01 9.997896e-02
3.120236e+01 1.232669e-01
3.191972e+01 9.982397e-02
3.117496e+01 1.441637e-01
3.192993e+01 9.978053e-02
3.108630e+01 1.617625e-01
3.203800e+01 9.978400e-02
3.189630e+01 1.642961e-01
3.196355e+01 9.979824e-02
3.162581e+01 1.703981e-01
3.231277e+01 9.985328e-02
3.169555e+01 1.592486e-01
3.208975e+01 9.988597e-02
3.180221e+01 1.595055e-01
3.209777e+01 9.968529e-02
3.178518e+01 1.475048e-01
3.207758e+01 1.004784e-01
3.200892e+01 1.454860e-01
3.208862e+01 9.979972e-02
2.930133e+01 1.573541e-01
3.059334e+01 1.621039e-01
3.227932e+01 9.957261e-02
3.065004e+01 1.680990e-01
3.234685e+01 9.940993e-02
2.884276e+01 1.796879e-01
3.224478e+01 1.002718e-01
3.007036e+01 1.709316e-01
3.228918e+01 1.004060e-01
3.013201e+01 1.870930e-01
3.181699e+01 1.763669e-01
3.152632e+01 1.860475e-01
3.128278e+01 1.893709e-01
3.184549e+01 1.839347e-01
3.026502e+01 1.872025e-01
3.005629e+01 1.913154e-01
3.161366e+01 1.900494e-01
3.187139e+01 1.869346e-01
3.143078e+01 1.951826e-01
2.992701e+01 1.950003e-01
2.770501e+01 1.997687e-01
2.825275e+01 1.909834e-01
2.794984e+01 1.921044e-01
2.954795e+01 1.873437e-01
3.173328e+01 2.134321e-01
3.144179e+01 2.159063e-01
3.130047e+01 2.178854e-01
3.000347e+01 2.304993e-01
2.819694e+01 2.328973e-01
3.173741e+01 2.354999e-01
3.158775e+01 2.207808e-01
3.168211e+01 2.154555e-01
3.192211e+01 1.953700e-01
2.263509e+01 2.447955e-01
2.270102e+01 2.450257e-01
2.276751e+01 2.439064e-01
3.018105e+01 1.836638e-01
3.028727e+01 2.087123e-01
2.939062e+01 2.106775e-01
3.034875e+01 2.117895e-01
3.016418e+01 2.124770e-01
3.010883e+01 2.135838e-01
2.901874e+01 2.158091e-01
3.019347e+01 2.162163e-01
2.993642e+01 2.172085e-01
2.963641e+01 2.190198e-01
3.017349e+01 2.197411e-01
2.953033e+01 2.203458e-01
3.022802e+01 2.223869e-01
3.137597e+01 2.238184e-01
3.136685e+01 2.259044e-01
2.654515e+01 7.570823e-02
2.662606e+01 7.641335e-02
2.666302e+01 7.580838e-02
2.924443e+01 1.356551e-01
2.999076e+01 2.268118e-01
3.184815e+01 1.490673e-01
3.030282e+01 2.276575e-01
3.180527e+01 1.531792e-01
3.000169e+01 2.294645e-01
3.202717e+01 1.566773e-01
2.994944e+01 2.306911e-01
3.203484e+01 1.603614e-01
2.979664e+01 2.321827e-01
3.230782e+01 1.576993e-01
3.005188e+01 2.321198e-01
3.214815e+01 1.552639e-01
3.017541e+01 2.338619e-01
3.195785e+01 1.614374e-01
3.163295e+01 2.335529e-01
3.202172e+01 1.625231e-01
3.156976e+01 2.350107e-01
3.199439e+01 1.607070e-01
3.158264e+01 2.342813e-01
3.222068e+01 1.457871e-01
3.158772e+01 2.393157e-01
3.074113e+01 1.435825e-01
3.176983e+01 2.388166e-01
3.083049e+01 1.429700e-01
3.184050e+01 2.383218e-01
3.061350e+01 1.461864e-01
3.157332e+01 2.388947e-01
2.918540e+01 1.409718e-01
3.017145e+01 2.421830e-01
2.892682e+01 1.701801e-01
2.988275e+01 2.415152e-01
2.949872e+01 1.542871e-01
3.025458e+01 2.419616e-01
2.936196e+01 1.495143e-01
2.994085e+01 2.439442e-01
2.871784e+01 1.700544e-01
2.971638e+01 2.436945e-01
2.855278e+01 1.724155e-01
2.999346e+01 2.430409e-01
2.863877e+01 1.703388e-01
3.009067e+01 2.443299e-01
2.941047e+01 1.561173e-01
3.176288e+01 2.443188e-01
2.911330e+01 1.496730e-01
3.174784e+01 2.453641e-01
3.039274e+01 1.474266e-01
3.185351e+01 2.450275e-01
3.061048e+01 1.491688e-01
3.179168e+01 2.452474e-01
3.073883e+01 1.484018e-01
3.179035e+01 2.448450e-01
3.103400e+01 1.518457e-01
3.178651e+01 2.454398e-01
3.083981e+01 1.527344e-01
3.032655e+01 2.445596e-01
3.060838e+01 1.543592e-01
3.011694e+01 2.453898e-01
3.050640e+01 1.580269e-01
3.002608e+01 2.447962e-01
3.214780e+01 1.502227e-01
3.012852e+01 2.450453e-01
3.200702e+01 1.558278e-01
3.016681e+01 2.449564e-01
3.218519e+01 1.484633e-01
2.955643e+01 2.450503e-01
3.223104e+01 1.541839e-01
3.001391e+01 2.440142e-01
3.186839e+01 1.554142e-01
2.958108e+01 2.432283e-01
3.069394e+01 1.547978e-01
2.946721e+01 2.438412e-01
3.081753e+01 1.549093e-01
3.151860e+01 1.560070e-01
2.991524e+01 2.439916e-01
3.220783e+01 1.546142e-01
2.983272e+01 2.449331e-01
3.211743e+01 1.553963e-01
2.985313e+01 2.437643e-01
3.220172e+01 1.568769e-01
2.986981e+01 2.437572e-01
3.217974e+01 1.563446e-01
2.972756e+01 2.437483e-01
3.055092e+01 1.543611e-01
2.993010e+01 2.433565e-01
2.480966e+01 1.230643e-01
2.475912e+01 1.227740e-01
2.480251e+01 1.229476e-01
3.019051e+01 1.558036e-01
3.062043e+01 1.324622e-01
3.022063e+01 1.534735e-01
2.948978e+01 1.565470e-01
2.985846e+01 2.445326e-01
3.028145e+01 1.610612e-01
2.940989e+01 1.583488e-01
2.988915e+01 2.437898e-01
3.012449e+01 1.658516e-01
2.883208e+01 1.594483e-01
2.985412e+01 2.444364e-01
3.030651e+01 1.615054e-01
2.912475e+01 1.617826e-01
2.974978e+01 2.447884e-01
3.032544e+01 1.550448e-01
3.200432e+01 1.608421e-01
2.964750e+01 2.452483e-01
3.219531e+01 1.612132e-01
2.893569e+01 1.510955e-01
3.224176e+01 1.640773e-01
2.891143e+01 1.441539e-01
2.973613e+01 2.454944e-01
3.230536e+01 1.669549e-01
2.899180e+01 1.416414e-01
3.021132e+01 2.451273e-01
3.218458e+01 1.673677e-01
2.875208e+01 1.420203e-01
2.994573e+01 2.464573e-01
3.128294e+01 1.622701e-01
2.837782e+01 1.427045e-01
2.923166e+01 1.644783e-01
2.958966e+01 2.467367e-01
2.830228e+01 1.335311e-01
2.878541e+01 1.701957e-01
2.962476e+01 2.474220e-01
2.853526e+01 1.421780e-01
2.930107e+01 1.680528e-01
2.956471e+01 2.480295e-01
2.876570e+01 1.707337e-01
2.853857e+01 1.419839e-01
2.992581e+01 2.491671e-01
2.947019e+01 1.718387e-01
2.855580e+01 1.403647e-01
2.857406e+01 1.731445e-01
2.952901e+01 2.500574e-01
2.823324e+01 1.334699e-01
2.866755e+01 1.714944e-01
2.867185e+01 1.262390e-01
2.973861e+01 2.500668e-01
2.867808e+01 1.721058e-01
3.110899e+01 1.213126e-01
2.939622e+01 2.514366e-01
2.875402e+01 1.657594e-01
3.155234e+01 1.310626e-01
2.979415e+01 2.522190e-01
2.933038e+01 1.698914e-01
3.139697e+01 1.369780e-01
2.874928e+01 1.711107e-01
2.983328e+01 2.529949e-01
3.162816e+01 1.563555e-01
2.872919e+01 1.730651e-01
2.866677e+01 1.737949e-01
3.155369e+01 1.456665e-01
2.857089e+01 1.727064e-01
3.217823e+01 1.486779e-01
2.855440e+01 1.730017e-01
3.226374e+01 1.224218e-01
2.860220e+01 1.711656e-01
3.235584e+01 1.236312e-01
2.901019e+01 1.706598e-01
3.210754e+01 1.387393e-01
2.901079e+01 1.728471e-01
2.859922e+01 1.734077e-01
3.216082e+01 1.363594e-01
2.866386e+01 1.751280e-01
3.033166e+01 1.163670e-01
2.920646e+01 1.738433e-01
2.992849e+01 1.046141e-01
3.180990e+01 1.730757e-01
3.004610e+01 1.064960e-01
3.186196e+01 1.721650e-01
2.971620e+01 1.092738e-01
3.170511e+01 1.739016e-01
3.014404e+01 1.090606e-01
2.878455e+01 1.723776e-01
2.910401e+01 1.704804e-01
3.189264e+01 1.175446e-01
3.194987e+01 1.711538e-01
3.219681e+01 1.123156e-01
3.215518e+01 1.708993e-01
3.222962e+01 1.018576e-01
2.882359e+01 1.707249e-01
3.203841e+01 1.016205e-01
2.920438e+01 1.719413e-01
3.220581e+01 1.099413e-01
3.182335e+01 1.702165e-01
3.215733e+01 1.073866e-01
3.182318e+01 1.716773e-01
3.211898e+01 1.051138e-01
2.969497e+01 1.748327e-01
3.208972e+01 1.030475e-01
2.869740e+01 1.721438e-01
3.220063e+01 1.010036e-01
2.936557e+01 1.712740e-01
3.221394e+01 1.001691e-01
3.217499e+01 1.714507e-01
3.225762e+01 9.951552e-02
3.185445e+01 1.713642e-01
3.219848e+01 1.006927e-01
3.042545e+01 1.733658e-01
3.216843e+01 1.001607e-01
2.936055e+01 1.721964e-01
3.208636e+01 1.725349e-01
3.217172e+01 1.733599e-01
3.209536e+01 1.757943e-01
2.876205e+01 1.754415e-01
3.194066e+01 1.770425e-01
3.212371e+01 1.769285e-01
2.914338e+01 1.782217e-01
2.867877e+01 1.795761e-01
2.921426e+01 1.853246e-01
2.912826e+01 1.818512e-01
2.887330e+01 1.851529e-01
2.859585e+01 1.840356e-01
2.928630e+01 1.828278e-01
2.854297e+01 1.860155e-01
3.191299e+01 5.658191e-02
3.186464e+01 5.639912e-02
3.191492e+01 5.598449e-02
3.227591e+01 1.072670e-01
3.254015e+01 9.416921e-02
3.239298e+01 9.548851e-02
3.224695e+01 9.595839e-02
3.245859e+01 9.615482e-02
3.238904e+01 9.742189e-02
3.258591e+01 9.869158e-02
3.279648e+01 9.842838e-02
3.262030e+01 9.953469e-02
3.247629e+01 1.000129e-01
3.226362e+01 1.017550e-01
3.258647e+01 1.016496e-01
3.250898e+01 1.013602e-01
3.262947e+01 1.021113e-01
3.242708e+01 1.017684e-01
3.242192e+01 1.026548e-01
3.277156e+01 1.020395e-01
3.229628e+01 1.028814e-01
3.251056e+01 1.027248e-01
3.242961e+01 1.038848e-01
3.230798e+01 1.032515e-01
3.271537e+01 1.042909e-01
3.239807e+01 1.052084e-01
3.230826e+01 1.048763e-01
3.229935e+01 1.030483e-01
3.247181e+01 9.941910e-02
3.266112e+01 1.025397e-01
3.251322e+01 1.052359e-01
3.256800e+01 1.073741e-01
3.241884e+01 1.059391e-01
3.260036e+01 1.081163e-01
3.278645e+01 1.031105e-01
3.259441e+01 9.907036e-02
3.247845e+01 9.925609e-02
3.243864e+01 1.022620e-01
3.249013e+01 1.068427e-01
3.261449e+01 1.058712e-01
3.270577e+01 9.864554e-02
3.257491e+01 9.583153e-02
3.256073e+01 1.082894e-01
3.229790e+01 1.080123e-01
3.241889e+01 1.168093e-01
3.238217e+01 1.179580e-01
3.242679e+01 1.132789e-01
3.221194e+01 1.295579e-01
3.178337e+01 1.255063e-01
3.171481e+01 1.233532e-01
3.178516e+01 1.316382e-01
3.174233e+01 1.476664e-01
3.199789e+01 1.502994e-01
3.197162e+01 1.476462e-01
3.212191e+01 1.395171e-01
3.221336e+01 1.386761e-01
3.220554e+01 1.376309e-01
3.205920e+01 1.367466e-01
3.205187e+01 1.366574e-01
3.196491e+01 1.225444e-01
3.176775e+01 1.028564e-01
3.213481e+01 9.441938e-02
3.133217e+01 9.721099e-02
3.149347e+01 1.063433e-01
3.205181e+01 9.807868e-02
3.197981e+01 1.022084e-01
3.211795e+01 1.082571e-01
3.191986e+01 1.154574e-01
3.190003e+01 1.296203e-01
3.197798e+01 1.388098e-01
3.188901e+01 1.419640e-01
3.187622e+01 1.421140e-01
3.212403e+01 1.393510e-01
3.202315e+01 1.370055e-01
3.187151e+01 1.377810e-01
3.198457e+01 1.461542e-01
3.186351e+01 1.535889e-01
3.186478e+01 1.622906e-01
3.197877e+01 1.713780e-01
3.216409e+01 1.733474e-01
3.192592e+01 1.623243e-01
3.186871e+01 1.615195e-01
2.915683e+01 1.597059e-01
2.881237e+01 1.772619e-01
2.853836e+01 1.882399e-01
3.190666e+01 1.902949e-01
3.211864e+01 1.940840e-01
3.158984e+01 1.874713e-01
2.858492e+01 1.850329e-01
2.881085e+01 1.933149e-01
2.612058e+01 1.471204e-01
2.605919e+01 1.465117e-01
2.608260e+01 1.477364e-01
3.061885e+01 1.718211e-01
3.099954e+01 1.511737e-01
3.145342e+01 1.657496e-01
3.187602e+01 1.607206e-01
3.224980e+01 1.375470e-01
3.221255e+01 1.410420e-01
3.203223e+01 1.563160e-01
3.055471e+01 1.572135e-01
3.016680e+01 1.619306e-01
2.940247e+01 1.659546e-01
2.928570e+01 1.734197e-01
2.878248e+01 1.769140e-01
2.957046e+01 1.784694e-01
3.197911e+01 1.780868e-01
3.195184e+01 2.227133e-01
3.193854e+01 2.202467e-01
3.204075e+01 2.193719e-01
3.194032e+01 2.244918e-01
3.120859e+01 2.274739e-01
2.893760e+01 2.262880e-01
2.858827e+01 2.280117e-01
2.918470e+01 2.267342e-01
2.860524e+01 2.323982e-01
2.922792e+01 2.328686e-01
2.855554e+01 2.337426e-01
2.834089e+01 2.342654e-01
2.849612e+01 2.359248e-01
2.880931e+01 2.361034e-01
2.896122e+01 2.370348e-01
2.868066e+01 2.367154e-01
2.850137e+01 2.386127e-01
2.832206e+01 2.406941e-01
2.835472e+01 2.401919e-01
2.824468e+01 2.423119e-01
2.837132e+01 2.417194e-01
2.884209e+01 2.432122e-01
2.891632e+01 2.445674e-01
2.835761e+01 2.433430e-01
2.836546e+01 2.442943e-01
2.886310e+01 2.430953e-01
3.162784e+01 2.433357e-01
3.179408e+01 2.442448e-01
3.139262e+01 2.448743e-01
2.860835e+01 2.455331e-01
2.805730e+01 2.582512e-01
2.797024e+01 2.566687e-01
2.824692e+01 2.556844e-01
2.787317e+01 2.555435e-01
2.802036e+01 2.533977e-01
3.102824e+01 2.563594e-01
3.144456e+01 2.601431e-01
2.906757e+01 2.649482e-01
2.775536e+01 2.662885e-01
3.128345e+01 2.695442e-01
3.043864e+01 2.711487e-01
2.841813e+01 2.735845e-01
2.823932e+01 2.762125e-01
2.812599e+01 2.773069e-01
2.782794e+01 2.782737e-01
2.939228e+01 2.791538e-01
3.161398e+01 2.808558e-01
3.150607e+01 2.825273e-01
3.155637e+01 2.831009e-01
3.167018e+01 2.846351e-01
2.843612e+01 2.854648e-01
3.030607e+01 2.832418e-01
2.877059e+01 2.842584e-01
2.864269e+01 2.704518e-01
2.732171e+01 2.828107e-01
2.776426e+01 2.853742e-01
2.879058e+01 2.672208e-01
2.859013e+01 2.667799e-01
2.822547e+01 2.682007e-01
2.890049e+01 2.706618e-01
2.879714e+01 2.716366e-01
2.870542e+01 2.732660e-01
2.831510e+01 2.743326e-01
2.806471e+01 2.749032e-01
2.819551e+01 2.758579e-01
2.789783e+01 2.759145e-01
2.813304e+01 2.753640e-01
2.856683e+01 2.761469e-01
2.843294e+01 2.756856e-01
2.810527e+01 2.756738e-01
2.847578e+01 2.752492e-01
2.794307e+01 2.771899e-01
2.785057e+01 2.764765e-01
2.803872e+01 2.772221e-01
2.688220e+01 8.522203e-02
2.682881e+01 8.483665e-02
2.699891e+01 8.534036e-02
2.956355e+01 1.747233e-01
2.979329e+01 1.610369e-01
2.984862e+01 1.556172e-01
2.969447e+01 1.552827e-01
2.986294e+01 1.500542e-01
3.206605e+01 1.384451e-01
3.188506e+01 1.344113e-01
3.215753e+01 1.253729e-01
3.181949e+01 1.197763e-01
3.081762e+01 1.152290e-01
3.053539e+01 1.245094e-01
3.182842e+01 1.295154e-01
3.186812e+01 1.292849e-01
3.180468e+01 1.285313e-01
3.173634e+01 1.373136e-01
3.158430e+01 1.321572e-01
3.191849e+01 1.315776e-01
3.205797e+01 1.334708e-01
3.205786e+01 1.381835e-01
3.199387e+01 1.420431e-01
3.198320e+01 1.480110e-01
3.213516e+01 1.458843e-01
3.190000e+01 1.498416e-01
2.899469e+01 1.498651e-01
3.006985e+01 1.430460e-01
3.037152e+01 1.418867e-01
2.953047e+01 1.438413e-01
2.985883e+01 1.391900e-01
3.082701e+01 1.180681e-01
3.124489e+01 1.104244e-01
3.184139e+01 9.132611e-02
3.230305e+01 9.633684e-02
3.210333e+01 1.191211e-01
3.216584e+01 1.354828e-01
3.203498e+01 1.355567e-01
3.220790e+01 1.371617e-01
3.225403e+01 1.370930e-01
3.192727e+01 1.374500e-01
3.198303e+01 1.376421e-01
3.218087e+01 1.372567e-01
3.209041e+01 1.363224e-01
3.211853e+01 1.369112e-01
3.197506e+01 1.375372e-01
3.219793e+01 1.376859e-01
3.205702e+01 1.375947e-01
3.203409e+01 1.377931e-01
3.161604e+01 1.389333e-01
3.198942e+01 1.408721e-01
3.188330e+01 1.421862e-01
3.181307e+01 1.441747e-01
3.141272e+01 1.524704e-01
3.134538e+01 1.483350e-01
3.170492e+01 1.433965e-01
3.167185e+01 1.409580e-01
3.157716e+01 1.338918e-01
3.151723e+01 1.284539e-01
3.178992e+01 1.311171e-01
3.160553e+01 1.304710e-01
3.156041e+01 1.283682e-01
3.184697e+01 1.235049e-01
3.174722e+01 1.350287e-01
3.135048e+01 1.360165e-01
3.194210e+01 1.344389e-01
3.194608e+01 1.285231e-01
3.211209e+01 1.298438e-01
2.675246e+01 7.628087e-02
2.679190e+01 7.627443e-02
2.685917e+01 7.615094e-02
3.211196e+01 1.436635e-01
3.126197e+01 1.232580e-01
3.212651e+01 1.513662e-01
2.977746e+01 1.183437e-01
3.182184e+01 1.539570e-01
3.197959e+01 1.571461e-01
3.031648e+01 1.189791e-01
3.178643e+01 1.621529e-01
3.219067e+01 1.175892e-01
3.200066e+01 1.611318e-01
3.221452e+01 1.159288e-01
3.067216e+01 1.581409e-01
3.216639e+01 1.106758e-01
3.059149e+01 1.624095e-01
3.230246e+01 1.088875e-01
3.054125e+01 1.636279e-01
3.242774e+01 1.085056e-01
3.091881e+01 1.591600e-01
3.250314e+01 1.104571e-01
3.065894e+01 1.539445e-01
3.239570e+01 1.086198e-01
3.062498e+01 1.448219e-01
3.229611e+01 1.091205e-01
3.105817e+01 1.430076e-01
3.226712e+01 1.096475e-01
3.076075e+01 1.444948e-01
3.239734e+01 1.092342e-01
3.070619e+01 1.463494e-01
3.225955e+01 1.084776e-01
3.062265e+01 1.578217e-01
3.239342e+01 1.082889e-01
3.075921e+01 1.668725e-01
3.228324e+01 1.086081e-01
3.048780e+01 1.808106e-01
3.048342e+01 1.514105e-01
3.222135e+01 1.085738e-01
3.076700e+01 1.495465e-01
3.223286e+01 1.083062e-01
3.088665e+01 1.498274e-01
3.263472e+01 1.090578e-01
3.092372e+01 1.547567e-01
3.255631e+01 1.080958e-01
2.869215e+01 4.820109e-02
2.857166e+01 4.776033e-02
2.885933e+01 4.801456e-02
3.052862e+01 9.040101e-02
3.084875e+01 1.509572e-01
3.251045e+01 1.096321e-01
3.046872e+01 1.149748e-01
3.079330e+01 1.521089e-01
3.245485e+01 1.080776e-01
3.032610e+01 1.171886e-01
3.038875e+01 1.549545e-01
2.891547e+01 1.309294e-01
3.242028e+01 1.057262e-01
3.210729e+01 1.554886e-01
2.910139e+01 1.407065e-01
3.257659e+01 1.027635e-01
3.081334e+01 2.070860e-01
2.927646e+01 1.400596e-01
3.247821e+01 1.030845e-01
3.201664e+01 1.544925e-01
2.965795e+01 1.466076e-01
3.252276e+01 1.029797e-01
2.949013e+01 1.457452e-01
3.213096e+01 1.562402e-01
3.245054e+01 1.057191e-01
2.951139e+01 1.467060e-01
3.210708e+01 1.580572e-01
2.897377e+01 1.423425e-01
3.230198e+01 1.044320e-01
3.078360e+01 1.593577e-01
2.931887e+01 1.343637e-01
3.193057e+01 1.019603e-01
3.045170e+01 1.405534e-01
3.065499e+01 1.594481e-01
3.203970e+01 1.022578e-01
2.969223e+01 1.443084e-01
3.151840e+01 1.677530e-01
3.164211e+01 1.442679e-01
3.196319e+01 1.023340e-01
2.967658e+01 1.523356e-01
3.208577e+01 1.550643e-01
3.214330e+01 1.012420e-01
2.937292e+01 1.539285e-01
3.203879e+01 1.011306e-01
3.212079e+01 1.549545e-01
3.016306e+01 1.536093e-01
3.234556e+01 1.004641e-01
3.029308e+01 1.488537e-01
3.208728e+01 1.574709e-01
3.214541e+01 1.007044e-01
2.967448e+01 1.523759e-01
3.208877e+01 1.560628e-01
3.218337e+01 1.006179e-01
2.990901e+01 1.532346e-01
3.056094e+01 1.555100e-01
3.179730e+01 1.007312e-01
2.943275e+01 1.519442e-01
3.029192e+01 1.553875e-01
3.217709e+01 1.000362e-01
2.955488e+01 1.544762e-01
2.939822e+01 1.578712e-01
3.206373e+01 9.949378e-02
2.984053e+01 1.552770e-01
3.207768e+01 1.001359e-01
2.944725e+01 1.608439e-01
2.966943e+01 1.538481e-01
3.210740e+01 1.001373e-01
2.881714e+01 1.614403e-01
2.943611e+01 1.544286e-01
3.195265e+01 1.004981e-01
2.900448e+01 1.617266e-01
2.942134e+01 1.548486e-01
3.210479e+01 1.001794e-01
3.199706e+01 1.617185e-01
2.972501e+01 1.539440e-01
3.216805e+01 1.000368e-01
3.215460e+01 1.577422e-01
2.955497e+01 1.543186e-01
3.217615e+01 9.997825e-02
3.213927e+01 1.593295e-01
3.003000e+01 1.548672e-01
3.222587e+01 1.004366e-01
3.228398e+01 1.610857e-01
2.942288e+01 1.546363e-01
3.223175e+01 9.976315e-02
3.201417e+01 1.637167e-01
2.933566e+01 1.548559e-01
3.141822e+01 1.681592e-01
3.230170e+01 9.979362e-02
2.916773e+01 1.625043e-01
3.220629e+01 9.948092e-02
2.865715e+01 1.592495e-01
3.216800e+01 1.009402e-01
3.231980e+01 1.006840e-01
2.928180e+01 1.569815e-01
2.868171e+01 1.707351e-01
2.957371e+01 1.712087e-01
2.857873e+01 1.703709e-01
2.869639e+01 1.765882e-01
2.882118e+01 1.821424e-01
2.849468e+01 1.671279e-01
2.917856e+01 1.661865e-01
2.873834e+01 1.680630e-01
2.876426e+01 1.743773e-01
2.878260e+01 1.706450e-01
2.877641e+01 1.697818e-01
2.476843e+01 1.219891e-01
2.485093e+01 1.214447e-01
2.483950e+01 1.212479e-01
3.242347e+01 1.382670e-01
2.833537e+01 1.708732e-01
3.234362e+01 1.486587e-01
3.235267e+01 1.548184e-01
2.862930e+01 1.701160e-01
3.236036e+01 1.552248e-01
2.912305e+01 1.717941e-01
2.886342e+01 1.580836e-01
2.909242e+01 1.717162e-01
2.849329e+01 1.577760e-01
2.870508e+01 1.726710e-01
2.868657e+01 1.502177e-01
2.851102e+01 1.758374e-01
2.861173e+01 1.535910e-01
2.930806e+01 1.730135e-01
2.873731e+01 1.574250e-01
3.176615e+01 1.731103e-01
2.924427e+01 1.526926e-01
3.201297e+01 1.733231e-01
2.859330e+01 1.409636e-01
3.177563e+01 1.740628e-01
2.899771e+01 1.356557e-01
3.201059e+01 1.228286e-01
2.854690e+01 1.745903e-01
2.912800e+01 1.447398e-01
2.919644e+01 1.719881e-01
2.918306e+01 1.357411e-01
3.206947e+01 1.739273e-01
2.888182e+01 1.341654e-01
3.194931e+01 1.747954e-01
2.887305e+01 1.722280e-01
2.890320e+01 1.289403e-01
2.898937e+01 1.749554e-01
2.880083e+01 1.401733e-01
3.182010e+01 1.739913e-01
3.201287e+01 1.451038e-01
3.203396e+01 1.477379e-01
3.192970e+01 1.729300e-01
2.985535e+01 1.751255e-01
3.222901e+01 1.463175e-01
2.883853e+01 1.726029e-01
3.244412e+01 1.483710e-01
3.171524e+01 1.728960e-01
3.208329e+01 1.436719e-01
3.198839e+01 1.736944e-01
3.212697e+01 1.341595e-01
3.181346e+01 1.738978e-01
3.220223e+01 1.347972e-01
3.037861e+01 1.765258e-01
3.185823e+01 1.437487e-01
3.170215e+01 1.512579e-01
3.164149e+01 1.463235e-01
3.154049e+01 1.380354e-01
3.167582e+01 1.275732e-01
2.993114e+01 1.216098e-01
2.874783e+01 1.235870e-01
3.176750e+01 1.341620e-01
3.180733e+01 1.291181e-01
3.196490e+01 1.310290e-01
3.199507e+01 1.293134e-01
3.215085e+01 1.309523e-01
3.215211e+01 1.294290e-01
3.172580e+01 1.237674e-01
3.229072e+01 1.213034e-01
3.205937e+01 1.257824e-01
3.195003e+01 1.162113e-01
3.177984e+01 1.157580e-01
3.036842e+01 1.153067e-01
2.998659e+01 1.156404e-01
3.008062e+01 1.139930e-01
3.072723e+01 1.099683e-01
3.232860e+01 1.135008e-01
3.246673e+01 1.100792e-01
3.199568e+01 1.070362e-01
3.231853e+01 1.074990e-01
3.229770e+01 1.078112e-01
3.211515e+01 1.087261e-01
3.235363e+01 1.088756e-01
3.228399e+01 1.078047e-01
3.224154e+01 1.076686e-01
3.211246e+01 1.077554e-01
3.208205e+01 1.076867e-01
3.244449e+01 1.073960e-01
3.242332e+01 1.075542e-01
3.254723e+01 1.074674e-01
3.224190e+01 1.074550e-01
3.220319e+01 1.070011e-01
3.246931e+01 1.080377e-01
3.230420e+01 1.066845e-01
3.239361e+01 1.087896e-01
3.221457e+01 1.085562e-01
3.225831e+01 1.076260e-01
3.215045e+01 1.092772e-01
3.277559e+01 1.090274e-01
3.242374e+01 1.089584e-01
3.264393e+01 1.096135e-01
3.244652e+01 1.081177e-01
3.245849e+01 1.056650e-01
3.255115e+01 1.025779e-01
3.224212e+01 1.032537e-01
3.238138e+01 1.034616e-01
3.233822e+01 1.056176e-01
3.222594e+01 1.041458e-01
3.205597e+01 1.021281e-01
3.199134e+01 1.020264e-01
3.210728e+01 1.018204e-01
3.215294e+01 1.012108e-01
3.196013e+01 9.979662e-02
3.221068e+01 1.001976e-01
3.202488e+01 1.004997e-01
3.217753e+01 1.006125e-01
3.204076e+01 1.007068e-01
3.202768e+01 1.004751e-01
3.204387e+01 9.983602e-02
3.205091e+01 9.950905e-02
3.202321e+01 9.961224e-02
3.201876e+01 9.982503e-02
3.210524e+01 9.976941e-02
3.212313e+01 9.956435e-02
3.198291e+01 9.996194e-02
3.222002e+01 1.003914e-01
3.205990e+01 9.977454e-02
3.232891e+01 9.980980e-02
3.230958e+01 9.952358e-02
2.548182e+01 9.110503e-02
2.546706e+01 9.113593e-02
2.531622e+01 9.135262e-02
3.230832e+01 9.971347e-02
3.219358e+01 1.081800e-01
3.255182e+01 1.271556e-01
3.217265e+01 1.001808e-01
3.136284e+01 1.277219e-01
2.891817e+01 1.295520e-01
3.130767e+01 1.263848e-01
3.003394e+01 1.356990e-01
2.905319e+01 1.377012e-01
2.846188e+01 1.366868e-01
2.802233e+01 1.386903e-01
2.886496e+01 1.314730e-01
2.858296e+01 1.292225e-01
2.831392e+01 1.298596e-01
2.840811e+01 1.342984e-01
2.862487e+01 1.358837e-01
2.819341e+01 1.390727e-01
2.801338e+01 1.394481e-01
2.808225e+01 1.319203e-01
2.800651e+01 1.236460e-01
2.988206e+01 1.227111e-01
3.194728e+01 1.212058e-01
3.184613e+01 1.140646e-01
3.218465e+01 1.285956e-01
3.196729e+01 1.284835e-01
3.196584e+01 1.271852e-01
3.247944e+01 1.251732e-01
3.194527e+01 1.159584e-01
3.203182e+01 1.185049e-01
3.091599e+01 1.218924e-01
3.239133e+01 1.219547e-01
3.231182e+01 1.187631e-01
3.082787e+01 1.131883e-01
3.175929e+01 1.126223e-01
3.219954e+01 1.171628e-01
3.100847e+01 1.078687e-01
2.706772e+01 1.315119e-01
2.697031e+01 1.304213e-01
2.728228e+01 1.306233e-01
3.217318e+01 1.082552e-01
3.246411e+01 1.055861e-01
3.243156e+01 1.025004e-01
3.225336e+01 1.123502e-01
3.265837e+01 1.024773e-01
3.204917e+01 1.038509e-01
3.229740e+01 1.115382e-01
3.196381e+01 1.038712e-01
3.240085e+01 1.118407e-01
3.224309e+01 1.040736e-01
3.237882e+01 1.049794e-01
3.211555e+01 1.092846e-01
3.227219e+01 1.042317e-01
3.161128e+01 1.044933e-01
3.242289e+01 1.045178e-01
3.248093e+01 1.054827e-01
3.242765e+01 1.049526e-01
3.246649e+01 1.057887e-01
3.212360e+01 1.083671e-01
3.249546e+01 1.046509e-01
3.206674e+01 1.070993e-01
3.233051e+01 1.050488e-01
3.206923e+01 1.090169e-01
3.222191e+01 1.053105e-01
3.216615e+01 1.069735e-01
3.235516e+01 1.055958e-01
3.221165e+01 1.053848e-01
3.220106e+01 1.087756e-01
3.223238e+01 1.056824e-01
3.222177e+01 1.103718e-01
3.224402e+01 1.053818e-01
3.204726e+01 1.091169e-01
3.248549e+01 1.053896e-01
3.201152e+01 1.098770e-01
3.245060e+01 1.061830e-01
3.226060e+01 1.094044e-01
3.227323e+01 1.066947e-01
3.207538e+01 1.096192e-01
3.228188e+01 1.074709e-01
3.225047e+01 1.084649e-01
3.219126e+01 1.097685e-01
3.219596e+01 1.082593e-01
3.222828e+01 1.053020e-01
3.234266e+01 1.090968e-01
3.217613e+01 1.058019e-01
3.244819e+01 1.091288e-01
3.222789e+01 1.071035e-01
3.232033e+01 1.096602e-01
3.219220e+01 1.074263e-01
3.243856e+01 1.111500e-01
3.220544e+01 1.061207e-01
3.221428e+01 1.118117e-01
3.222428e+01 1.063281e-01
3.226623e+01 1.117390e-01
3.200319e+01 1.054459e-01
3.256701e+01 1.122338e-01
3.238328e+01 1.054951e-01
3.224650e+01 1.121944e-01
3.238309e+01 1.052294e-01
3.213604e+01 1.139452e-01
3.237099e+01 1.050412e-01
3.220651e+01 1.146088e-01
3.212237e+01 1.053682e-01
3.253359e+01 1.148264e-01
3.231168e+01 1.048400e-01
3.229181e+01 1.167862e-01
3.241805e+01 1.047527e-01
3.230328e+01 1.158542e-01
3.251170e+01 1.050539e-01
3.229356e+01 1.167582e-01
3.228224e+01 1.176068e-01
3.230430e+01 1.052918e-01
3.213524e+01 1.175636e-01
3.219608e+01 1.048726e-01
3.221164e+01 1.174167e-01
3.236688e+01 1.048799e-01
3.224999e+01 1.175761e-01
3.217168e+01 1.046467e-01
3.225269e+01 1.183460e-01
3.216269e+01 1.043495e-01
3.222944e+01 1.198744e-01
3.226161e+01 1.041314e-01
3.229671e+01 1.201091e-01
3.253857e+01 1.041151e-01
3.196734e+01 1.196123e-01
3.244932e+01 1.034409e-01
3.219616e+01 1.201426e-01
3.233784e+01 1.033919e-01
3.238636e+01 1.191303e-01
3.257830e+01 1.028739e-01
3.225131e+01 1.201250e-01
3.243481e+01 1.216023e-01
3.244085e+01 1.016946e-01
3.235004e+01 1.206998e-01
3.266101e+01 1.045987e-01
3.227321e+01 1.212115e-01
3.248545e+01 1.052105e-01
3.242651e+01 1.223552e-01
3.255567e+01 1.037342e-01
3.224459e+01 1.233337e-01
3.235845e+01 1.030280e-01
3.246173e+01 1.219460e-01
3.247425e+01 1.225246e-01
3.230198e+01 1.231603e-01
3.222920e+01 1.193599e-01
3.225201e+01 1.194366e-01
3.246507e+01 1.184824e-01
3.202666e+01 1.184458e-01
3.226336e+01 1.199855e-01
3.240308e+01 1.207202e-01
3.234316e+01 1.187464e-01
3.243398e+01 1.177658e-01
3.212473e+01 1.177194e-01
3.225199e+01 1.172759e-01
3.253269e+01 1.180973e-01
3.207770e+01 1.191386e-01
3.236289e+01 1.187786e-01
3.209866e+01 1.185436e-01
3.206357e+01 1.184523e-01
3.227368e+01 1.193671e-01
3.211370e+01 1.186145e-01
3.237638e+01 1.197165e-01
3.205277e+01 1.194757e-01
3.226283e+01 1.196805e-01
3.231737e+01 1.199189e-01
3.241678e+01 1.242484e-01
3.239754e+01 1.238181e-01
3.234252e+01 1.229596e-01
3.239051e+01 1.235287e-01
3.244329e+01 1.248521e-01
3.227702e+01 1.246833e-01
3.230696e+01 1.255850e-01
3.217012e+01 1.256886e-01
3.212271e+01 1.257793e-01
3.214530e+01 1.252897e-01
3.229927e+01 1.251204e-01
3.213829e+01 1.251062e-01
3.212120e+01 1.253327e-01
3.201322e+01 1.250198e-01
3.228464e+01 1.245817e-01
3.209652e+01 1.252475e-01
3.197929e+01 1.257097e-01
3.190729e+01 1.264488e-01
3.214098e+01 1.260899e-01
3.218079e+01 1.235155e-01
3.230359e+01 1.239886e-01
3.203019e+01 1.234706e-01
3.208909e+01 1.247796e-01
3.200338e+01 1.253410e-01
3.223435e+01 1.260696e-01
3.206553e+01 1.247467e-01
3.195704e+01 1.214963e-01
3.181950e+01 1.156983e-01
3.177486e+01 1.186703e-01
3.202712e+01 1.192899e-01
3.192291e+01 1.171373e-01
3.206625e+01 1.173186e-01
3.236026e+01 1.174526e-01
3.201135e+01 1.175944e-01
3.185242e+01 1.170305e-01
3.195625e+01 1.171040e-01
3.221136e+01 1.172145e-01
3.205642e+01 1.171407e-01
3.203601e+01 1.167182e-01
3.211238e+01 1.169843e-01
3.225937e+01 1.175271e-01
3.204522e+01 1.182716e-01
3.223344e+01 1.202297e-01
3.217639e+01 1.221012e-01
3.254589e+01 1.248150e-01
2.736580e+01 6.012301e-02
2.743605e+01 6.007584e-02
2.736107e+01 6.032480e-02
3.201137e+01 1.140437e-01
3.235786e+01 1.108343e-01
3.226776e+01 1.112674e-01
3.233488e+01 1.115186e-01
3.248876e+01 1.116807e-01
3.239110e+01 1.116486e-01
3.232102e+01 1.109255e-01
3.234550e+01 1.105059e-01
3.230221e+01 1.101793e-01
3.229950e+01 1.106694e-01
3.233473e+01 1.106000e-01
3.222476e+01 1.103513e-01
3.228376e+01 1.121175e-01
3.244468e+01 1.120497e-01
3.213486e+01 1.119163e-01
3.225782e+01 1.117567e-01
3.258968e+01 1.101843e-01
3.221990e+01 1.090537e-01
3.211567e+01 1.086980e-01
3.242912e+01 1.091252e-01
3.219402e+01 1.086684e-01
3.206760e+01 1.078953e-01
3.222333e+01 1.092097e-01
3.208421e+01 1.085536e-01
3.194222e+01 1.082093e-01
3.226781e+01 1.107924e-01
3.222299e+01 1.103110e-01
3.204173e+01 1.115685e-01
3.228519e+01 1.126040e-01
3.196556e+01 1.124879e-01
3.198380e+01 1.138671e-01
3.193729e+01 1.130816e-01
3.212747e+01 1.152928e-01
3.207349e+01 1.136869e-01
3.190526e+01 1.149306e-01
3.181236e+01 1.161251e-01
3.168258e+01 1.173761e-01
3.177244e+01 1.173254e-01
3.181641e+01 1.171392e-01
3.240313e+01 1.184441e-01
3.204276e+01 1.191741e-01
3.240415e+01 1.188019e-01
3.220303e+01 1.195460e-01
3.194360e+01 1.205357e-01
3.221642e+01 1.203909e-01
3.233139e+01 1.180390e-01
3.208640e+01 1.178151e-01
3.228240e+01 1.168626e-01
3.205562e+01 1.183996e-01
3.214000e+01 1.174211e-01
3.227866e+01 1.178261e-01
3.214964e+01 1.171566e-01
3.213925e+01 1.177727e-01
3.235899e+01 1.185683e-01
3.214118e+01 1.185078e-01
3.208315e+01 1.192393e-01
3.210121e+01 1.191534e-01
3.237780e+01 1.193357e-01
3.212571e+01 1.197756e-01
3.215161e+01 1.196673e-01
3.212911e+01 1.201635e-01
3.197098e+01 1.200395e-01
3.217970e+01 1.203325e-01
3.238427e+01 1.210460e-01
3.232175e+01 1.206191e-01
3.240580e+01 1.211239e-01
3.232564e+01 1.216331e-01
3.206718e+01 1.216574e-01
3.219804e+01 1.224679e-01
3.201512e+01 1.219989e-01
3.223416e+01 1.221854e-01
3.217459e+01 1.225740e-01
3.230292e+01 1.227023e-01
3.224585e+01 1.233726e-01
3.185153e+01 1.230734e-01
3.204843e+01 1.234808e-01
3.188433e+01 1.239101e-01
3.175735e+01 1.241017e-01
3.202735e+01 1.238864e-01
3.171134e+01 1.244343e-01
3.182357e+01 1.247824e-01
3.175525e+01 1.245588e-01
3.184931e+01 1.248349e-01
3.183731e+01 1.252362e-01
3.196038e+01 1.239342e-01
3.193688e+01 1.244376e-01
3.183775e+01 1.255664e-01
3.209689e+01 1.252956e-01
3.188742e+01 1.251061e-01
3.202272e+01 1.263868e-01
3.165949e+01 1.265623e-01
3.172477e+01 1.163094e-01
3.188104e+01 1.185935e-01
3.195172e+01 1.190465e-01
3.196455e+01 1.177006e-01
3.255173e+01 1.176931e-01
3.221429e+01 1.177181e-01
3.201149e+01 1.176447e-01
3.204225e+01 1.173765e-01
3.208918e+01 1.172860e-01
3.238395e+01 1.176112e-01
3.199516e+01 1.169694e-01
3.222004e+01 1.172372e-01
3.228594e+01 1.174393e-01
3.203240e+01 1.189409e-01
3.216295e+01 1.197007e-01
3.189373e+01 1.212124e-01
3.215715e+01 1.227018e-01
3.227585e+01 1.271037e-01
3.198002e+01 1.350745e-01
3.205584e+01 1.399994e-01
3.214116e+01 1.382451e-01
3.216549e+01 1.347893e-01
3.210843e+01 1.275913e-01
3.194785e+01 5.993340e-02
3.199081e+01 5.935406e-02
3.197067e+01 5.911700e-02
3.189061e+01 1.636826e-01
3.206589e+01 1.489060e-01
3.211951e+01 1.649629e-01
3.183007e+01 1.675756e-01
3.199162e+01 1.559490e-01
3.217441e+01 1.370233e-01
3.214743e+01 1.451151e-01
3.066668e+01 1.513254e-01
3.076649e+01 1.584340e-01
3.154228e+01 1.597510e-01
3.211769e+01 1.669695e-01
3.198599e+01 1.657366e-01
3.219614e+01 1.720393e-01
3.212713e+01 1.768716e-01
3.039170e+01 1.836845e-01
2.893417e+01 1.818936e-01
2.823452e+01 1.829467e-01
2.797188e+01 1.871587e-01
2.781238e+01 1.906132e-01
2.948578e+01 2.014946e-01
3.181823e+01 1.989731e-01
3.190853e+01 1.801309e-01
3.196087e+01 1.761299e-01
3.193153e+01 1.763542e-01
3.197586e+01 1.766695e-01
3.138175e+01 1.792581e-01
2.821902e+01 1.800267e-01
2.805495e+01 1.826326e-01
3.066468e+01 1.824596e-01
3.178574e+01 1.859614e-01
3.152325e+01 1.993251e-01
2.835682e+01 2.029987e-01
2.783038e+01 2.016854e-01
2.787775e+01 2.028225e-01
2.843417e+01 2.028005e-01
3.139881e+01 1.969696e-01
3.140991e+01 1.906605e-01
3.154253e+01 1.821388e-01
3.186656e+01 1.746070e-01
3.180470e+01 1.719841e-01
3.177077e+01 1.738088e-01
3.142044e+01 1.724973e-01
2.784057e+01 1.653995e-01
2.842552e+01 1.614478e-01
2.900403e+01 1.590736e-01
2.808619e+01 1.571479e-01
2.807279e+01 1.520008e-01
3.061175e+01 1.489349e-01
2.905085e+01 1.469100e-01
2.770049e+01 1.519537e-01
2.777585e+01 1.591115e-01
2.783207e+01 1.631375e-01
2.778837e+01 1.653758e-01
2.774998e+01 1.729909e-01
2.807924e+01 1.794714e-01
2.769529e+01 1.857487e-01
2.972416e+01 7.054952e-02
2.955013e+01 7.015655e-02
2.948571e+01 7.056356e-02
2.966303e+01 1.774525e-01
3.019523e+01 1.255503e-01
3.034369e+01 1.061524e-01
3.247492e+01 1.046599e-01
3.281603e+01 1.045174e-01
3.259708e+01 1.054296e-01
3.218273e+01 9.815136e-02
3.280350e+01 9.913992e-02
3.232392e+01 9.925539e-02
3.230716e+01 9.807073e-02
3.242484e+01 1.053960e-01
3.255545e+01 1.016058e-01
3.241500e+01 9.728964e-02
3.243722e+01 9.946075e-02
3.244808e+01 9.941403e-02
3.185637e+01 9.524673e-02
3.193016e+01 9.001650e-02
3.198949e+01 8.391484e-02
3.192493e+01 7.646372e-02
2.773453e+01 7.474386e-02
2.883365e+01 7.107215e-02
2.980815e+01 7.164937e-02
3.008022e+01 7.483182e-02
3.015971e+01 7.978336e-02
3.020637e+01 8.573569e-02
2.968578e+01 9.266839e-02
2.659982e+01 6.681539e-02
2.652117e+01 6.692438e-02
2.655761e+01 6.686668e-02
3.200145e+01 1.103133e-01
3.220613e+01 1.106116e-01
3.237586e+01 1.113651e-01
3.229833e+01 1.110310e-01
3.243309e+01 1.109312e-01
3.259178e+01 1.115414e-01
3.241796e+01 1.126504e-01
3.225849e+01 1.140687e-01
3.232514e+01 1.108883e-01
3.249122e+01 1.109883e-01
3.248475e+01 1.090218e-01
3.227943e+01 1.095242e-01
3.226051e+01 1.099048e-01
3.205373e+01 1.095290e-01
3.189148e+01 1.087052e-01
3.202610e+01 1.080900e-01
3.201861e+01 1.072390e-01
3.215431e+01 1.092501e-01
2.325857e+01 9.864856e-02
2.336325e+01 9.867257e-02
2.327114e+01 9.862462e-02
3.174726e+01 1.044284e-01
3.204393e+01 1.094782e-01
3.193102e+01 1.103895e-01
3.182363e+01 1.104860e-01
3.197502e+01 1.113041e-01
3.168547e+01 1.111050e-01
3.163561e+01 1.119717e-01
3.218951e+01 1.103456e-01
3.154153e+01 1.119048e-01
3.196494e+01 1.119205e-01
3.180708e+01 1.095080e-01
3.185146e+01 1.124270e-01
3.172016e+01 1.125850e-01
3.175167e+01 1.129267e-01
3.176515e+01 1.127201e-01
3.157776e+01 1.141769e-01
3.202196e+01 1.130514e-01
3.186553e+01 1.132003e-01
3.199788e+01 1.109221e-01
3.163127e+01 1.121224e-01
3.161343e+01 1.120668e-01
3.181060e+01 1.133197e-01
3.194645e+01 1.136736e-01
3.172432e+01 1.152516e-01
3.157920e+01 1.155200e-01
3.169327e+01 1.156331e-01
3.172508e+01 1.151731e-01
3.190073e+01 1.183633e-01
3.192455e+01 1.147623e-01
3.211333e+01 1.195599e-01
3.214631e+01 1.149060e-01
3.256059e+01 1.166382e-01
3.214599e+01 1.165376e-01
3.208724e+01 1.175393e-01
3.231506e+01 1.177071e-01
3.192498e+01 1.168089e-01
3.222123e+01 1.176247e-01
3.158145e+01 1.182713e-01
3.217482e+01 1.191224e-01
3.199316e+01 1.185650e-01
3.222158e+01 1.200239e-01
3.188653e+01 1.191367e-01
3.237968e+01 1.208014e-01
3.171596e+01 1.207450e-01
3.228857e+01 1.201611e-01
3.190705e+01 1.200361e-01
3.214308e+01 1.213852e-01
3.203344e+01 1.207679e-01
3.227545e+01 1.228255e-01
3.199174e+01 1.216305e-01
3.218875e+01 1.221514e-01
3.183389e+01 1.220696e-01
3.203889e+01 1.198205e-01
3.197112e+01 1.219901e-01
3.241079e+01 1.185306e-01
3.180502e+01 1.221459e-01
3.212036e+01 1.203725e-01
3.183683e+01 1.233845e-01
3.251348e+01 1.185321e-01
3.146779e+01 1.234283e-01
3.212382e+01 1.192083e-01
3.186510e+01 1.241223e-01
3.210794e+01 1.176347e-01
3.169945e+01 1.240962e-01
3.183005e+01 1.249022e-01
3.214598e+01 1.151107e-01
3.173043e+01 1.256597e-01
3.219782e+01 1.164206e-01
3.181582e+01 1.253201e-01
3.205943e+01 1.130899e-01
3.169848e+01 1.265571e-01
3.245698e+01 1.166286e-01
3.160616e+01 1.271061e-01
3.230641e+01 1.163551e-01
3.170422e+01 1.272517e-01
3.224388e+01 1.147891e-01
3.177953e+01 1.283936e-01
3.198643e+01 1.126112e-01
3.176782e+01 1.285158e-01
3.237330e+01 1.142410e-01
3.187071e+01 1.287448e-01
3.193411e+01 6.830945e-02
3.189882e+01 6.860768e-02
3.195917e+01 6.780012e-02
3.190178e+01 1.426494e-01
3.181929e+01 1.141499e-01
3.186088e+01 1.283811e-01
3.151393e+01 1.289523e-01
3.196370e+01 1.114830e-01
3.195886e+01 1.290619e-01
3.157291e+01 1.351999e-01
3.174955e+01 1.144808e-01
3.157288e+01 1.285056e-01
3.161795e+01 1.313930e-01
3.195270e+01 1.177947e-01
3.165830e+01 1.277545e-01
3.178737e+01 1.329105e-01
3.228735e+01 1.168358e-01
3.184689e+01 1.288803e-01
3.203183e+01 1.363658e-01
3.198084e+01 1.169520e-01
3.190833e+01 1.301710e-01
3.187741e+01 1.363890e-01
3.190900e+01 1.137916e-01
3.177892e+01 1.286772e-01
3.183362e+01 1.452573e-01
3.210750e+01 1.167596e-01
3.163960e+01 1.285766e-01
3.021848e+01 1.425185e-01
3.199100e+01 1.183805e-01
3.166368e+01 1.288766e-01
3.017700e+01 1.541276e-01
3.170638e+01 1.281915e-01
3.151756e+01 1.175737e-01
3.018962e+01 1.487629e-01
3.168889e+01 1.290711e-01
3.211181e+01 1.163991e-01
2.934202e+01 1.515555e-01
3.186372e+01 1.305477e-01
3.164246e+01 1.174283e-01
2.898373e+01 1.420471e-01
3.174867e+01 1.316072e-01
3.230734e+01 1.161728e-01
3.141415e+01 1.412345e-01
3.160616e+01 1.263411e-01
3.214504e+01 1.169240e-01
3.175897e+01 1.427253e-01
3.178704e+01 1.263163e-01
3.148237e+01 1.171159e-01
3.194180e+01 1.331779e-01
3.185463e+01 1.246708e-01
3.208417e+01 1.135432e-01
3.175222e+01 1.237654e-01
3.162467e+01 1.159198e-01
3.193270e+01 1.138320e-01
3.189057e+01 1.239843e-01
3.182377e+01 1.075662e-01
3.179550e+01 1.175024e-01
3.188423e+01 1.239600e-01
3.193220e+01 9.356201e-02
3.173506e+01 1.157569e-01
3.193920e+01 1.239993e-01
3.219421e+01 9.647561e-02
3.174982e+01 1.175771e-01
3.167385e+01 1.247777e-01
3.223699e+01 1.034144e-01
3.172530e+01 1.176270e-01
3.216262e+01 1.254233e-01
3.183603e+01 1.213479e-01
3.225527e+01 1.168202e-01
3.192260e+01 1.257187e-01
3.169478e+01 1.256170e-01
3.171402e+01 1.256903e-01
3.202985e+01 1.172846e-01
3.161724e+01 1.295396e-01
3.193792e+01 1.260421e-01
3.216177e+01 1.158264e-01
3.184402e+01 1.305624e-01
3.200428e+01 1.167211e-01
3.220130e+01 1.110954e-01
3.160861e+01 1.317840e-01
3.195872e+01 1.189015e-01
3.198536e+01 1.095518e-01
3.161282e+01 1.332301e-01
3.212689e+01 1.194196e-01
3.208678e+01 1.183743e-01
3.154663e+01 1.357091e-01
3.237226e+01 1.062154e-01
3.238241e+01 1.174255e-01
3.201669e+01 1.357495e-01
3.202395e+01 1.045907e-01
3.235667e+01 1.177694e-01
3.194912e+01 1.309556e-01
3.214994e+01 1.034912e-01
3.188906e+01 1.176077e-01
3.174370e+01 1.277391e-01
3.212449e+01 1.024221e-01
3.211535e+01 1.170878e-01
3.172846e+01 1.271593e-01
3.199839e+01 1.054590e-01
3.202483e+01 1.173031e-01
3.168501e+01 1.266303e-01
3.230063e+01 1.173816e-01
3.215283e+01 1.113471e-01
3.209500e+01 1.267925e-01
3.202734e+01 1.174031e-01
3.171177e+01 1.271084e-01
3.208294e+01 1.175385e-01
3.216188e+01 1.173869e-01
3.204840e+01 1.269492e-01
3.197804e+01 1.280231e-01
3.231631e+01 1.174878e-01
3.168968e+01 1.273831e-01
3.197283e+01 1.393898e-01
3.206211e+01 1.190461e-01
3.184863e+01 1.276150e-01
3.197080e+01 1.421771e-01
3.206097e+01 1.201612e-01
3.193150e+01 1.275045e-01
3.184680e+01 1.423503e-01
3.228080e+01 1.202389e-01
3.153402e+01 1.274498e-01
3.208075e+01 1.405316e-01
3.218680e+01 1.220117e-01
3.189377e+01 1.280518e-01
3.227376e+01 1.243070e-01
3.176167e+01 1.362621e-01
3.181902e+01 1.280047e-01
3.185907e+01 1.301749e-01
3.212784e+01 1.279166e-01
3.194685e+01 1.381703e-01
3.205170e+01 1.381593e-01
3.175665e+01 1.269405e-01
3.185732e+01 1.444455e-01
3.215677e+01 1.386488e-01
2.733967e+01 5.659057e-02
2.765618e+01 5.689154e-02
2.712531e+01 5.772383e-02
3.193229e+01 1.276029e-01
3.030768e+01 1.259705e-01
3.177800e+01 1.536630e-01
3.216064e+01 1.348283e-01
3.102257e+01 1.217455e-01
3.188689e+01 1.268952e-01
3.210774e+01 1.272741e-01
3.194670e+01 1.603850e-01
3.096242e+01 1.155414e-01
3.193350e+01 1.244400e-01
3.203685e+01 1.699916e-01
3.179245e+01 1.209168e-01
3.024381e+01 1.254019e-01
3.182777e+01 1.195141e-01
3.206904e+01 1.671883e-01
3.043354e+01 1.365292e-01
3.187972e+01 1.179586e-01
3.186631e+01 1.653175e-01
3.041488e+01 1.478453e-01
3.213328e+01 1.146805e-01
3.184867e+01 1.637247e-01
2.881904e+01 1.449837e-01
2.904705e+01 1.614896e-01
2.869425e+01 1.468430e-01
2.847186e+01 1.772378e-01
2.871592e+01 1.451420e-01
2.849189e+01 1.886931e-01
2.883525e+01 1.448952e-01
3.185629e+01 1.962023e-01
3.209047e+01 1.931098e-01
2.978000e+01 1.471051e-01
3.007422e+01 1.438499e-01
3.057690e+01 1.423222e-01
3.019687e+01 1.394988e-01
3.038392e+01 1.387948e-01
3.048285e+01 1.370581e-01
3.036301e+01 1.362699e-01
3.082014e+01 1.359509e-01
3.005061e+01 1.371734e-01
3.015431e+01 1.390801e-01
3.057572e+01 1.393760e-01
3.035380e+01 1.411136e-01
2.997640e+01 1.406790e-01
3.029794e+01 1.407547e-01
3.061740e+01 1.407801e-01
3.009051e+01 1.411098e-01
2.984486e+01 1.418565e-01
3.210823e+01 1.433898e-01
3.216176e+01 1.449437e-01
3.218978e+01 1.444944e-01
3.205480e+01 1.449634e-01
3.201016e+01 1.474702e-01
3.028197e+01 1.474009e-01
3.013462e+01 1.507544e-01
2.995769e+01 1.504709e-01
2.809948e+01 7.338798e-02
2.805563e+01 7.372683e-02
2.823326e+01 7.278253e-02
3.058309e+01 1.311928e-01
3.101167e+01 1.181536e-01
3.062027e+01 1.312531e-01
2.889848e+01 1.516631e-01
3.038367e+01 1.329658e-01
3.015388e+01 1.377992e-01
3.026010e+01 1.516992e-01
2.983907e+01 1.497498e-01
2.994186e+01 1.492707e-01
3.039783e+01 1.414645e-01
2.866698e+01 1.504607e-01
3.079483e+01 1.491465e-01
2.965954e+01 1.195883e-01
2.876069e+01 1.510316e-01
3.185864e+01 1.018703e-01
3.161444e+01 8.947767e-02
2.902137e+01 1.506559e-01
3.201937e+01 1.060112e-01
2.886452e+01 1.519762e-01
3.186610e+01 1.293499e-01
3.156432e+01 1.183678e-01
2.880938e+01 1.496833e-01
2.954638e+01 1.260571e-01
2.898140e+01 1.522423e-01
2.960197e+01 1.276562e-01
2.950375e+01 1.284861e-01
3.115850e+01 1.500473e-01
3.121535e+01 1.502904e-01
2.972956e+01 1.242716e-01
3.124019e+01 1.502180e-01
3.194538e+01 1.186919e-01
3.231906e+01 1.188514e-01
2.978299e+01 1.238977e-01
3.210700e+01 1.185557e-01
3.026595e+01 1.178462e-01
3.182894e+01 1.261886e-01
3.003610e+01 1.209997e-01
3.199978e+01 1.349802e-01
2.946234e+01 1.238360e-01
3.179942e+01 1.373593e-01
3.005285e+01 1.510433e-01
2.956604e+01 1.280050e-01
2.968259e+01 1.333962e-01
2.942626e+01 1.310114e-01
2.914135e+01 1.334065e-01
2.962937e+01 1.322034e-01
3.199902e+01 1.362919e-01
3.004462e+01 1.321208e-01
3.147118e+01 1.129628e-01
3.173992e+01 9.611300e-02
2.979995e+01 1.322854e-01
3.152447e+01 9.312122e-02
2.934905e+01 1.326171e-01
3.184631e+01 1.111023e-01
2.963448e+01 1.332623e-01
3.200910e+01 1.263976e-01
2.926000e+01 1.336102e-01
3.198557e+01 1.255775e-01
2.915598e+01 1.332676e-01
3.192354e+01 1.193047e-01
2.913156e+01 1.340914e-01
3.195137e+01 1.189393e-01
2.898248e+01 1.345732e-01
3.220086e+01 1.197868e-01
2.885145e+01 1.352652e-01
3.203056e+01 1.221138e-01
3.222784e+01 1.346966e-01
3.210020e+01 1.247645e-01
3.196616e+01 1.345737e-01
3.204849e+01 1.271785e-01
3.238494e+01 1.327343e-01
3.228330e+01 1.331729e-01
3.246189e+01 1.349110e-01
3.207195e+01 1.348665e-01
3.210613e+01 1.415109e-01
3.226226e+01 1.396777e-01
3.234661e+01 1.410198e-01
3.225630e+01 1.506034e-01
3.120109e+01 1.373349e-01
3.216415e+01 1.608043e-01
2.940920e+01 1.318048e-01
3.201910e+01 1.608566e-01
3.128495e+01 1.265546e-01
3.191194e+01 1.688779e-01
3.041544e+01 1.291878e-01
2.914501e+01 1.634790e-01
3.227834e+01 1.389104e-01
2.883030e+01 1.470572e-01
3.227871e+01 1.656373e-01
2.888532e+01 1.410871e-01
2.925649e+01 1.433393e-01
2.888789e+01 1.438573e-01
2.875643e+01 1.466975e-01
2.893108e+01 1.469525e-01
2.883149e+01 1.535557e-01
3.115272e+01 1.459704e-01
2.698577e+01 1.293095e-01
2.702786e+01 1.296407e-01
2.704483e+01 1.295524e-01
2.840597e+01 1.839961e-01
2.948133e+01 1.647337e-01
3.004416e+01 1.652315e-01
2.910644e+01 1.716221e-01
2.999056e+01 1.434154e-01
3.007864e+01 1.399445e-01
3.050173e+01 1.348014e-01
3.037733e+01 1.259424e-01
2.995232e+01 1.346013e-01
2.986507e+01 1.369060e-01
3.065755e+01 1.434907e-01
3.031056e+01 1.421746e-01
2.988089e+01 1.411377e-01
2.985944e+01 1.420926e-01
3.024555e+01 1.390450e-01
3.032827e+01 1.501894e-01
2.949450e+01 1.434260e-01
2.906370e+01 1.495964e-01
3.017351e+01 1.563284e-01
3.032454e+01 1.558315e-01
2.873585e+01 1.506228e-01
2.873187e+01 1.409517e-01
3.204181e+01 1.521779e-01
3.192752e+01 1.450376e-01
3.165440e+01 1.312155e-01
3.169043e+01 1.217999e-01
3.171257e+01 1.120733e-01
3.184955e+01 1.039424e-01
3.159274e+01 1.002417e-01
3.144598e+01 1.001515e-01
3.146295e+01 1.006345e-01
3.173867e+01 9.950340e-02
3.170227e+01 9.898518e-02
3.174864e+01 9.779234e-02
3.148292e+01 9.861491e-02
3.175556e+01 1.038604e-01
3.186538e+01 1.110642e-01
3.213921e+01 1.169861e-01
3.176016e+01 1.224996e-01
3.191592e+01 1.244997e-01
3.151047e+01 1.244494e-01
3.135186e+01 1.235031e-01
3.149630e+01 1.275791e-01
3.160207e+01 1.289849e-01
3.134132e+01 1.307090e-01
3.133342e+01 1.362052e-01
3.104246e+01 1.394491e-01
3.128397e+01 1.433476e-01
3.111099e+01 1.456983e-01
3.133037e+01 1.450452e-01
3.136235e+01 1.430216e-01
3.120079e+01 1.431232e-01
3.131279e+01 1.427977e-01
2.909570e+01 1.414646e-01
2.851993e+01 1.404608e-01
2.865006e+01 1.394350e-01
2.840577e+01 1.395805e-01
2.862258e+01 1.391505e-01
2.896721e+01 1.396309e-01
2.893344e+01 1.399119e-01
2.913036e+01 1.396048e-01
2.902095e+01 1.390316e-01
2.892591e+01 1.421635e-01
2.906838e+01 1.453811e-01
2.909110e+01 1.496868e-01
2.918664e+01 1.540458e-01
2.924195e+01 1.578911e-01
2.892685e+01 1.631775e-01
2.910117e+01 1.685975e-01
2.917658e+01 1.674009e-01
2.907282e+01 1.683704e-01
2.894861e+01 1.619448e-01
2.876114e+01 1.610816e-01
2.873544e+01 1.620424e-01
2.869893e+01 1.636737e-01
2.818731e+01 1.664671e-01
2.772888e+01 1.723844e-01
2.407413e+01 2.297429e-01
2.413775e+01 2.302727e-01
2.394276e+01 2.304268e-01
2.917283e+01 2.013786e-01
3.050495e+01 1.776656e-01
3.040433e+01 1.822640e-01
3.015172e+01 1.723332e-01
2.986784e+01 1.705741e-01
2.961345e+01 1.772800e-01
2.999334e+01 1.727765e-01
2.869949e+01 1.017937e-01
2.858435e+01 1.029489e-01
2.851355e+01 1.020905e-01
3.057284e+01 9.630822e-02
3.044015e+01 1.290322e-01
3.002413e+01 1.587928e-01
3.059810e+01 1.307610e-01
3.000473e+01 1.740738e-01
3.022547e+01 1.329704e-01
3.028816e+01 1.832301e-01
3.037621e+01 1.351864e-01
3.013067e+01 1.751296e-01
3.202567e+01 1.345655e-01
3.224774e+01 1.389664e-01
3.010840e+01 1.679230e-01
3.034831e+01 1.426597e-01
3.181683e+01 1.713720e-01
3.192033e+01 1.344724e-01
3.154492e+01 1.726321e-01
2.891375e+01 1.348683e-01
3.185682e+01 1.737589e-01
2.954674e+01 1.423838e-01
3.180426e+01 1.771387e-01
3.017194e+01 1.486719e-01
2.863977e+01 1.760776e-01
3.030561e+01 1.486457e-01
3.063355e+01 1.631863e-01
3.001715e+01 1.380742e-01
3.023442e+01 1.569257e-01
3.033971e+01 1.354000e-01
3.004729e+01 1.583679e-01
3.037593e+01 1.277100e-01
3.095271e+01 1.564726e-01
3.007755e+01 1.367430e-01
2.985263e+01 1.536825e-01
2.954518e+01 1.539830e-01
3.065205e+01 1.620135e-01
2.967249e+01 1.749796e-01
2.991054e+01 1.635753e-01
3.024672e+01 1.647444e-01
2.966727e+01 1.665339e-01
2.805425e+01 1.653326e-01
2.973944e+01 1.608881e-01
2.775465e+01 1.681257e-01
2.973061e+01 1.506001e-01
2.747550e+01 1.635228e-01
2.980495e+01 1.459955e-01
2.735262e+01 1.625229e-01
2.982192e+01 1.447009e-01
2.661640e+01 1.570621e-01
2.731356e+01 1.358374e-01
2.754336e+01 1.259197e-01
3.151846e+01 1.278203e-01
3.146659e+01 1.240642e-01
3.191846e+01 1.230912e-01
3.159869e+01 1.291795e-01
3.155558e+01 1.340839e-01
3.148524e+01 1.338057e-01
2.807820e+01 1.336194e-01
2.824320e+01 1.340423e-01
2.810380e+01 1.363454e-01
2.797947e+01 1.389051e-01
2.751074e+01 1.448740e-01
2.758242e+01 1.488880e-01
2.764616e+01 1.473583e-01
3.202570e+01 5.677665e-02
3.202624e+01 5.702427e-02
3.203614e+01 5.683349e-02
3.214328e+01 1.032567e-01
3.262881e+01 9.393101e-02
3.271305e+01 9.280101e-02
3.246894e+01 9.463850e-02
3.243838e+01 9.537025e-02
3.209260e+01 9.615403e-02
3.217172e+01 9.688657e-02
3.267993e+01 9.722963e-02
3.263835e+01 9.813201e-02
3.208990e+01 9.871045e-02
3.218426e+01 9.949427e-02
3.221058e+01 9.852766e-02
3.248728e+01 1.005405e-01
3.235654e+01 1.000942e-01
3.223595e+01 1.010426e-01
3.232652e+01 1.009120e-01
3.239352e+01 1.022935e-01
3.257064e+01 1.030055e-01
3.240675e+01 1.036946e-01
3.235147e+01 1.039483e-01
3.240906e+01 1.047544e-01
3.234837e+01 1.054309e-01
3.254395e+01 1.061294e-01
3.253941e+01 1.075999e-01
3.223655e+01 1.081179e-01
3.240825e+01 1.077961e-01
3.233484e+01 1.089234e-01
3.255266e+01 1.094795e-01
3.214068e+01 1.100605e-01
3.246458e+01 1.108563e-01
3.227594e+01 1.112049e-01
3.248328e+01 1.110587e-01
3.225447e+01 1.125061e-01
3.227928e+01 1.142966e-01
3.233757e+01 1.145940e-01
3.223212e+01 1.137048e-01
3.243331e+01 1.146791e-01
3.208505e+01 1.152968e-01
3.216486e+01 1.159331e-01
3.210850e+01 1.169512e-01
3.236881e+01 1.167752e-01
3.219933e+01 1.172567e-01
3.235921e+01 1.168646e-01
3.235604e+01 1.160997e-01
3.222720e+01 1.170296e-01
3.240240e+01 1.168452e-01
3.231504e+01 1.176034e-01
3.225682e+01 1.171679e-01
3.230075e+01 1.168771e-01
3.225574e+01 1.179358e-01
3.206229e+01 1.170178e-01
3.240433e+01 1.170877e-01
3.200985e+01 1.159345e-01
3.235245e+01 1.158351e-01
3.228958e+01 1.169795e-01
3.227873e+01 1.163513e-01
3.238767e+01 1.157937e-01
3.241101e+01 1.159226e-01
3.252045e+01 1.165185e-01
3.227894e+01 1.164984e-01
3.229115e+01 1.166465e-01
3.240156e+01 1.166709e-01
3.229223e+01 1.171271e-01
3.224248e+01 1.173860e-01
3.225532e+01 1.178926e-01
3.236289e+01 1.170596e-01
3.233677e+01 1.177725e-01
3.238539e+01 1.180490e-01
3.195871e+01 1.177340e-01
3.217642e+01 1.170934e-01
3.214639e+01 1.187201e-01
3.256069e+01 1.174269e-01
3.229913e+01 1.174232e-01
3.209676e+01 1.181865e-01
3.199453e+01 1.176538e-01
3.224457e+01 1.180071e-01
3.221758e+01 1.179451e-01
3.216678e+01 1.183126e-01
3.236283e+01 1.185850e-01
3.209495e+01 1.184255e-01
3.238314e+01 1.188993e-01
3.223649e+01 1.184912e-01
3.238238e+01 1.184835e-01
3.220997e+01 1.194183e-01
3.242748e+01 1.191241e-01
3.231682e+01 1.194540e-01
3.246230e+01 1.200557e-01
3.231534e+01 1.199282e-01
3.217553e+01 1.204669e-01
3.228102e+01 1.199178e-01
3.225946e+01 1.204521e-01
3.195398e+01 1.212831e-01
3.210364e+01 1.219200e-01
3.215174e+01 1.215409e-01
3.242733e+01 1.219885e-01
3.228479e+01 1.218381e-01
3.231236e+01 1.221923e-01
3.220782e+01 1.208338e-01
3.228174e+01 1.200117e-01
3.236301e+01 1.167123e-01
3.239072e+01 1.164523e-01
3.238957e+01 1.185044e-01
3.243386e+01 1.131754e-01
3.262438e+01 1.069461e-01
3.249539e+01 1.033462e-01
3.253147e+01 1.038894e-01
3.241812e+01 1.027370e-01
3.255858e+01 1.082255e-01
3.251181e+01 1.067022e-01
3.272487e+01 1.090231e-01
3.244218e+01 1.264272e-01
3.246008e+01 1.205024e-01
3.233509e+01 1.200811e-01
3.233486e+01 1.225000e-01
3.226493e+01 1.259736e-01
3.206334e+01 1.422673e-01
3.219378e+01 1.494441e-01
3.223948e+01 1.398447e-01
3.236499e+01 1.274854e-01
3.225526e+01 1.234633e-01
3.209194e+01 1.345303e-01
3.184340e+01 1.328703e-01
3.176442e+01 1.148280e-01
3.214017e+01 1.238888e-01
3.185026e+01 1.420092e-01
3.218942e+01 1.515175e-01
3.189401e+01 1.704904e-01
2.915975e+01 1.681255e-01
2.850366e+01 1.764360e-01
3.211947e+01 1.985746e-01
2.515284e+01 1.066122e-01
2.501658e+01 1.065477e-01
2.529814e+01 1.061229e-01
3.012160e+01 1.583999e-01
3.039425e+01 1.500999e-01
3.109991e+01 1.664301e-01
3.033201e+01 1.673314e-01
3.077894e+01 1.625191e-01
3.065093e+01 1.474280e-01
3.122720e+01 1.381480e-01
3.202588e+01 1.406371e-01
3.172809e+01 1.468766e-01
3.190322e+01 1.498510e-01
3.202044e+01 4.304599e-02
3.206553e+01 4.336228e-02
3.200833e+01 4.342269e-02
3.226794e+01 1.520920e-01
3.161372e+01 1.242392e-01
3.218672e+01 1.143747e-01
3.175531e+01 1.551358e-01
3.146823e+01 9.492578e-02
3.208478e+01 1.523778e-01
3.229542e+01 1.516570e-01
3.155771e+01 9.716927e-02
3.187744e+01 1.481922e-01
3.164277e+01 1.211073e-01
3.072996e+01 1.474960e-01
3.181403e+01 1.207519e-01
3.077168e+01 1.471902e-01
3.185960e+01 1.168632e-01
3.158256e+01 1.453217e-01
3.209599e+01 1.169802e-01
3.206582e+01 1.465631e-01
3.211783e+01 1.155314e-01
3.199704e+01 1.454605e-01
3.215517e+01 1.454003e-01
3.190404e+01 1.153591e-01
3.211703e+01 1.442988e-01
3.233595e+01 1.183884e-01
3.047510e+01 1.586360e-01
3.209007e+01 1.235951e-01
3.014540e+01 1.574776e-01
3.175670e+01 1.190577e-01
2.959176e+01 1.612945e-01
3.175835e+01 1.242905e-01
2.940312e+01 1.614632e-01
3.150992e+01 1.224604e-01
2.907146e+01 1.601918e-01
3.132879e+01 1.192693e-01
2.924774e+01 1.592901e-01
3.146191e+01 1.148971e-01
3.201898e+01 1.571778e-01
3.233334e+01 1.575628e-01
3.129706e+01 1.096759e-01
3.220185e+01 1.595153e-01
3.190661e+01 9.973111e-02
3.223863e+01 1.604577e-01
3.199987e+01 1.014904e-01
2.925481e+01 1.613858e-01
3.188577e+01 1.080833e-01
2.878333e+01 1.604841e-01
3.209017e+01 1.072283e-01
2.937523e+01 1.591857e-01
2.886637e+01 1.614747e-01
3.177632e+01 1.001969e-01
2.925199e+01 1.598076e-01
3.209488e+01 9.846723e-02
2.874675e+01 1.611582e-01
3.217619e+01 9.969617e-02
2.970527e+01 1.627391e-01
3.260848e+01 1.039628e-01
2.859841e+01 1.619480e-01
3.277279e+01 1.013045e-01
2.878271e+01 1.614025e-01
3.255472e+01 9.881674e-02
2.890553e+01 1.615521e-01
3.236095e+01 1.091599e-01
2.871227e+01 1.611364e-01
3.234168e+01 1.098914e-01
2.928367e+01 1.617597e-01
3.240569e+01 1.071558e-01
2.877548e+01 1.620376e-01
3.216154e+01 1.050765e-01
2.881964e+01 1.632878e-01
3.222779e+01 1.032182e-01
2.877286e+01 1.628170e-01
3.234297e+01 1.032134e-01
3.245339e+01 1.069045e-01
2.876365e+01 1.619227e-01
3.222482e+01 1.087729e-01
2.854813e+01 1.636117e-01
3.243999e+01 1.085772e-01
2.879399e+01 1.624379e-01
3.238985e+01 1.087365e-01
2.908485e+01 1.642577e-01
2.593594e+01 1.393725e-01
2.586799e+01 1.393621e-01
2.591263e+01 1.398845e-01
3.221264e+01 1.070016e-01
3.247900e+01 1.097921e-01
2.921188e+01 1.653591e-01
3.222062e+01 1.182222e-01
3.235867e+01 1.105706e-01
3.239859e+01 1.181714e-01
2.892558e+01 1.652593e-01
3.264183e+01 1.101992e-01
3.256969e+01 1.172983e-01
2.856011e+01 1.667767e-01
3.223219e+01 1.103528e-01
3.207792e+01 1.162836e-01
3.189714e+01 1.670422e-01
3.227933e+01 1.170685e-01
3.226110e+01 1.104829e-01
3.194732e+01 1.683088e-01
3.207850e+01 1.157150e-01
3.236110e+01 1.109296e-01
3.215757e+01 1.171343e-01
3.203937e+01 1.665737e-01
3.225134e+01 1.113965e-01
3.225953e+01 1.140122e-01
3.179843e+01 1.687406e-01
3.229048e+01 1.103154e-01
3.213326e+01 1.139856e-01
2.867691e+01 1.676747e-01
3.270985e+01 1.100825e-01
3.233834e+01 1.138102e-01
3.252938e+01 1.089244e-01
2.912812e+01 1.675349e-01
3.223364e+01 1.145950e-01
3.224911e+01 1.154516e-01
3.260700e+01 1.115250e-01
3.187044e+01 1.696545e-01
3.231168e+01 1.144505e-01
3.222974e+01 1.122354e-01
3.199996e+01 1.706039e-01
3.197941e+01 1.147636e-01
3.247227e+01 1.134209e-01
2.890636e+01 1.714114e-01
3.226580e+01 1.146745e-01
3.257596e+01 1.108206e-01
3.222389e+01 1.138355e-01
2.932023e+01 1.705985e-01
3.230540e+01 1.105576e-01
3.230495e+01 1.157628e-01
3.252888e+01 1.102678e-01
3.187790e+01 1.716690e-01
3.227161e+01 1.166798e-01
3.267190e+01 1.086917e-01
3.176958e+01 1.722555e-01
3.223995e+01 1.196645e-01
3.269790e+01 1.085891e-01
3.226002e+01 1.210110e-01
2.905174e+01 1.710963e-01
3.232304e+01 1.090803e-01
3.214475e+01 1.247487e-01
2.893037e+01 1.732589e-01
3.256482e+01 1.087328e-01
3.215980e+01 1.311624e-01
3.193836e+01 1.733676e-01
3.223769e+01 1.086086e-01
3.223869e+01 1.366996e-01
3.258230e+01 1.090380e-01
3.199232e+01 1.739142e-01
3.216813e+01 1.394353e-01
3.251972e+01 1.077565e-01
3.166682e+01 1.723935e-01
3.218596e+01 1.416705e-01
3.236289e+01 1.077410e-01
3.045838e+01 1.744608e-01
3.230761e+01 1.440828e-01
3.253500e+01 1.059216e-01
2.919305e+01 1.738491e-01
3.226585e+01 1.444489e-01
3.188522e+01 1.735419e-01
3.250134e+01 1.061416e-01
3.231443e+01 1.439718e-01
3.199537e+01 1.766118e-01
3.207408e+01 1.431796e-01
3.242238e+01 1.071619e-01
3.214863e+01 1.778057e-01
3.213091e+01 1.423344e-01
3.251832e+01 1.070781e-01
2.878252e+01 1.768728e-01
3.221283e+01 1.405852e-01
3.246347e+01 1.058897e-01
3.200334e+01 1.767761e-01
3.225331e+01 1.343867e-01
3.256521e+01 1.064805e-01
3.210502e+01 1.771532e-01
3.236402e+01 1.326717e-01
3.234628e+01 1.050445e-01
2.907635e+01 1.756918e-01
3.242957e+01 1.302353e-01
3.235219e+01 1.052283e-01
2.851156e+01 1.776268e-01
3.244375e+01 1.288627e-01
3.244290e+01 1.046277e-01
2.943801e+01 1.774344e-01
3.226729e+01 1.301602e-01
3.255237e+01 1.044915e-01
2.934794e+01 1.765385e-01
3.209579e+01 1.312451e-01
3.244273e+01 1.041825e-01
3.174467e+01 1.315584e-01
3.244556e+01 1.031495e-01
3.181061e+01 1.336065e-01
3.177637e+01 1.342290e-01
3.262534e+01 1.043292e-01
3.157850e+01 1.353297e-01
3.239735e+01 1.034693e-01
3.153623e+01 1.349807e-01
3.252708e+01 1.044622e-01
3.171844e+01 1.367039e-01
3.248593e+01 1.036051e-01
3.162566e+01 1.363932e-01
3.250479e+01 1.039324e-01
3.171050e+01 1.371423e-01
3.246486e+01 1.038453e-01
3.186753e+01 1.368536e-01
3.263415e+01 1.037208e-01
3.172032e+01 1.367896e-01
3.229142e+01 1.042573e-01
3.166018e+01 1.371705e-01
3.226317e+01 1.049008e-01
3.157307e+01 1.376320e-01
3.214725e+01 1.037340e-01
3.153610e+01 1.373420e-01
3.188913e+01 1.355333e-01
3.237134e+01 1.050482e-01
3.187218e+01 1.331442e-01
3.246007e+01 1.049718e-01
3.184734e+01 1.292546e-01
3.238138e+01 1.047842e-01
3.229703e+01 1.059533e-01
3.240103e+01 1.060776e-01
3.262526e+01 1.080862e-01
3.242767e+01 1.090470e-01
3.261863e+01 1.075667e-01
3.241860e+01 1.075364e-01
3.239221e+01 1.070256e-01
3.227940e+01 1.058129e-01
3.246338e+01 1.059890e-01
3.222872e+01 1.137515e-01
3.254589e+01 1.144157e-01
3.248997e+01 1.069998e-01
3.244867e+01 1.032355e-01
3.261877e+01 1.026036e-01
3.242392e+01 1.053701e-01
3.251827e+01 1.091931e-01
3.264515e+01 1.053618e-01
3.241761e+01 1.251951e-01
3.255421e+01 1.205223e-01
3.233967e+01 1.194819e-01
3.235815e+01 1.225021e-01
2.652471e+01 1.150542e-01
2.657785e+01 1.150102e-01
2.660355e+01 1.146665e-01
3.190714e+01 1.128012e-01
3.219903e+01 1.188122e-01
3.213406e+01 1.186209e-01
3.243694e+01 1.193942e-01
3.227473e+01 1.202793e-01
3.202762e+01 1.204172e-01
3.212314e+01 1.200740e-01
3.242131e+01 1.200691e-01
3.218385e+01 1.195759e-01
3.234735e+01 1.206515e-01
3.217413e+01 1.203928e-01
3.217947e+01 1.199136e-01
3.237724e+01 1.211786e-01
3.202785e+01 1.213181e-01
3.218117e+01 1.214060e-01
3.233315e+01 1.225380e-01
3.216494e+01 1.203798e-01
3.235597e+01 1.216273e-01
3.212213e+01 1.208261e-01
3.226947e+01 1.223098e-01
3.229545e+01 1.231921e-01
3.217825e+01 1.227787e-01
3.240734e+01 1.229326e-01
3.205369e+01 1.228446e-01
3.208689e+01 1.233776e-01
3.231638e+01 1.219728e-01
3.213549e+01 1.225438e-01
3.228028e+01 1.229219e-01
3.212904e+01 1.248610e-01
3.235428e+01 1.236155e-01
3.224050e+01 1.234193e-01
3.213892e+01 1.224902e-01
3.215807e+01 1.222809e-01
3.220623e+01 1.227829e-01
3.225181e+01 1.223324e-01
3.221074e+01 1.222812e-01
3.222043e+01 1.222551e-01
3.230803e+01 1.224002e-01
3.216838e+01 1.225981e-01
3.233194e+01 1.218684e-01
3.234248e+01 1.195756e-01
3.241451e+01 1.194054e-01
3.188240e+01 1.188942e-01
3.215541e+01 1.188393e-01
3.227293e+01 1.177023e-01
3.184870e+01 1.288207e-01
3.185973e+01 1.294203e-01
3.170657e+01 1.290851e-01
3.167566e+01 1.290747e-01
3.177320e+01 1.294551e-01
3.184270e+01 1.280529e-01
3.200472e+01 1.266125e-01
3.195030e+01 1.273324e-01
3.202803e+01 1.264713e-01
3.224378e+01 1.255566e-01
3.203828e+01 1.034617e-01
3.199045e+01 1.038157e-01
3.200667e+01 1.030447e-01
3.239276e+01 1.017168e-01
3.214945e+01 1.005560e-01
3.226217e+01 9.991231e-02
3.201581e+01 1.002356e-01
3.213798e+01 1.005286e-01
3.209716e+01 9.948605e-02
3.197631e+01 9.984278e-02
3.216404e+01 9.981648e-02
3.179852e+01 9.963055e-02
3.229429e+01 9.987734e-02
3.201216e+01 9.982721e-02
3.217184e+01 9.982996e-02
3.199975e+01 1.004762e-01
3.213894e+01 9.960335e-02
3.248622e+01 9.958198e-02
3.253260e+01 9.954590e-02
3.221766e+01 1.004111e-01
2.545836e+01 1.193929e-01
2.548151e+01 1.187946e-01
2.550782e+01 1.196903e-01
2.995835e+01 7.458823e-02
3.025893e+01 7.999655e-02
3.168742e+01 8.687756e-02
3.172399e+01 8.708951e-02
3.169460e+01 8.759497e-02
3.138385e+01 9.081752e-02
3.112850e+01 9.755411e-02
3.054017e+01 1.061720e-01
3.116975e+01 1.084304e-01
2.953386e+01 1.121133e-01
3.158308e+01 1.146548e-01
3.205349e+01 1.136733e-01
3.178244e+01 1.151861e-01
3.224692e+01 1.162765e-01
3.186024e+01 1.165063e-01
3.193206e+01 1.170027e-01
3.218552e+01 1.208121e-01
3.206917e+01 1.224902e-01
3.190657e+01 1.243917e-01
3.190139e+01 1.261181e-01
3.197848e+01 1.267003e-01
3.198630e+01 1.266850e-01
3.181337e+01 1.209201e-01
3.203327e+01 1.109421e-01
3.165768e+01 1.051537e-01
3.169689e+01 9.799073e-02
3.193872e+01 9.828908e-02
3.187730e+01 1.005071e-01
2.896230e+01 1.047417e-01
2.896484e+01 1.094786e-01
2.964199e+01 1.213289e-01
3.064199e+01 1.312636e-01
3.068574e+01 1.441830e-01
3.078669e+01 1.471670e-01
3.076311e+01 1.421437e-01
2.995492e+01 1.430364e-01
2.967825e+01 1.416311e-01
2.986011e+01 1.414133e-01
2.985439e+01 1.507986e-01
2.999866e+01 1.515809e-01
2.994213e+01 1.454857e-01
2.986783e+01 1.455216e-01
2.974395e+01 1.426965e-01
3.046103e+01 1.431429e-01
3.008907e+01 1.454689e-01
3.067075e+01 1.468985e-01
3.148259e+01 1.481281e-01
3.176815e+01 1.459991e-01
3.205166e+01 1.474275e-01
3.177739e+01 1.475557e-01
3.181769e+01 1.480953e-01
3.185442e+01 1.487620e-01
3.221562e+01 1.516469e-01
3.108948e+01 1.516801e-01
3.064642e+01 1.530257e-01
3.082735e+01 1.528240e-01
2.999065e+01 1.531762e-01
3.072136e+01 1.572121e-01
3.082537e+01 1.550730e-01
3.197036e+01 1.570141e-01
3.190113e+01 1.547938e-01
3.190010e+01 1.579809e-01
3.192684e+01 1.589994e-01
3.203809e+01 1.601265e-01
3.197080e+01 1.614933e-01
3.193290e+01 1.611395e-01
3.197042e+01 1.612058e-01
3.191193e+01 1.505336e-01
3.178933e+01 1.482918e-01
3.169424e+01 1.339934e-01
3.169240e+01 1.260815e-01
3.127738e+01 1.603767e-01
3.027219e+01 1.592308e-01
3.016675e+01 1.587226e-01
3.084032e+01 1.565666e-01
3.084851e+01 1.557370e-01
2.981616e+01 1.546283e-01
2.927549e+01 1.544073e-01
3.092384e+01 1.551862e-01
3.067398e+01 1.551410e-01
3.067625e+01 1.528692e-01
2.970059e+01 1.559806e-01
2.956116e+01 1.527174e-01
3.003014e+01 1.543287e-01
2.982963e+01 1.560691e-01
3.082893e+01 1.555005e-01
3.092113e+01 1.564528e-01
3.154698e+01 1.665109e-01
3.188641e+01 1.680504e-01
3.202439e+01 1.599507e-01
3.171963e+01 1.607614e-01
3.153452e+01 1.586333e-01
3.197244e+01 1.649223e-01
3.173231e+01 1.638753e-01
3.165248e+01 1.595763e-01
2.936814e+01 1.642703e-01
3.064120e+01 1.621541e-01
3.043727e+01 1.621869e-01
3.079885e+01 1.623234e-01
3.031261e+01 1.607644e-01
2.999913e+01 1.620311e-01
2.960849e+01 1.629591e-01
3.077765e+01 1.629580e-01
3.071397e+01 1.627322e-01
2.939675e+01 1.630415e-01
3.035833e+01 1.637916e-01
3.042136e+01 1.648987e-01
2.987757e+01 1.667672e-01
2.993843e+01 1.651283e-01
3.159434e+01 7.575545e-02
3.150072e+01 7.656621e-02
3.159707e+01 7.603079e-02
3.157493e+01 8.789951e-02
3.188430e+01 1.139941e-01
3.182835e+01 1.140128e-01
3.159520e+01 1.133695e-01
3.171888e+01 1.148377e-01
3.168403e+01 1.154259e-01
3.166587e+01 1.172489e-01
3.191272e+01 1.169089e-01
3.206894e+01 1.156534e-01
3.176271e+01 1.173947e-01
3.154982e+01 1.167879e-01
3.153143e+01 1.179275e-01
3.201079e+01 1.167215e-01
3.148885e+01 1.177365e-01
3.170064e+01 1.167964e-01
3.164089e+01 1.168764e-01
3.174665e+01 1.186286e-01
3.181401e+01 1.181893e-01
3.167313e+01 1.179943e-01
3.117337e+01 1.175716e-01
3.172179e+01 1.179696e-01
3.168218e+01 1.180489e-01
3.180176e+01 1.199961e-01
3.159637e+01 1.204222e-01
3.166386e+01 1.215733e-01
3.160387e+01 1.200813e-01
3.176316e+01 1.211738e-01
3.184524e+01 1.217870e-01
3.165605e+01 1.213189e-01
3.145672e+01 1.227606e-01
3.164701e+01 1.215262e-01
3.168508e+01 1.222751e-01
3.161677e+01 1.222178e-01
3.187170e+01 1.231634e-01
3.164915e+01 1.232040e-01
3.155397e+01 1.226336e-01
3.158016e+01 1.241943e-01
3.145567e+01 1.231094e-01
3.177797e+01 1.246796e-01
3.154548e+01 1.240385e-01
3.143618e+01 1.241862e-01
3.167681e+01 1.262364e-01
3.179940e+01 1.256644e-01
3.161236e+01 1.263739e-01
3.164746e+01 1.270078e-01
3.167508e+01 1.273886e-01
3.179000e+01 1.263928e-01
3.177794e+01 1.280253e-01
3.181479e+01 1.277742e-01
3.167600e+01 1.290559e-01
3.182085e+01 1.282531e-01
3.154654e+01 1.284745e-01
3.196604e+01 1.282050e-01
3.186915e+01 1.305664e-01
3.189304e+01 1.324041e-01
3.168709e+01 1.340886e-01
3.146777e+01 1.337142e-01
3.188538e+01 1.286827e-01
3.167804e+01 1.263729e-01
3.183857e+01 1.262653e-01
3.188300e+01 1.259843e-01
3.225229e+01 1.253491e-01
3.186800e+01 1.266909e-01
3.171823e+01 1.272775e-01
3.166197e+01 1.270686e-01
3.188448e+01 1.267367e-01
3.188410e+01 1.271379e-01
3.192954e+01 1.272143e-01
3.178853e+01 1.256404e-01
3.163965e+01 1.271425e-01
3.194170e+01 1.246760e-01
3.188501e+01 1.232049e-01
3.174213e+01 1.244238e-01
3.180780e+01 1.245293e-01
3.161733e+01 1.223659e-01
3.231824e+01 1.202220e-01
3.183681e+01 1.195037e-01
3.185880e+01 1.187725e-01
3.182685e+01 1.177612e-01
3.195456e+01 1.170732e-01
3.228859e+01 1.178323e-01
3.221737e+01 1.195755e-01
3.223111e+01 1.190129e-01
3.216787e+01 1.227289e-01
3.178697e+01 1.036920e-01
3.178588e+01 1.039445e-01
3.185517e+01 1.035047e-01
3.196830e+01 1.175112e-01
3.239856e+01 1.134138e-01
3.217820e+01 1.121552e-01
3.224702e+01 1.116344e-01
3.240628e+01 1.114794e-01
3.217716e+01 1.108556e-01
3.201198e+01 1.106216e-01
3.219460e+01 1.109788e-01
3.203784e+01 1.098248e-01
3.218623e+01 1.102071e-01
3.195222e+01 1.107645e-01
3.189184e+01 1.110164e-01
3.168376e+01 1.110706e-01
3.205499e+01 1.119610e-01
3.198293e+01 1.109476e-01
3.182259e+01 1.124822e-01
3.180090e+01 1.147692e-01
3.203616e+01 1.144068e-01
3.179742e+01 1.134041e-01
3.164898e+01 1.153161e-01
3.176247e+01 1.157910e-01
3.172915e+01 1.165557e-01
3.188094e+01 1.161712e-01
3.189197e+01 1.161616e-01
3.172572e+01 1.164118e-01
3.174894e+01 1.171788e-01
3.181893e+01 1.172389e-01
3.191990e+01 1.156783e-01
3.168734e+01 1.166170e-01
3.149221e+01 1.177167e-01
3.179329e+01 1.167561e-01
3.185273e+01 1.178149e-01
3.187894e+01 1.181691e-01
3.159713e+01 1.181903e-01
3.148596e+01 1.169681e-01
3.173481e+01 1.194371e-01
3.169885e+01 1.181414e-01
3.185556e+01 1.192591e-01
3.154155e+01 1.197085e-01
3.160504e+01 1.207735e-01
3.159337e+01 1.201302e-01
3.162016e+01 1.195667e-01
3.156761e+01 1.209904e-01
3.157924e+01 1.210716e-01
3.174866e+01 1.203509e-01
3.165248e+01 1.203645e-01
3.159127e+01 1.220462e-01
3.171150e+01 1.232731e-01
3.173598e+01 1.224173e-01
3.160714e+01 1.222368e-01
3.183715e+01 1.238468e-01
3.176315e+01 1.233119e-01
3.175364e+01 1.230183e-01
3.184785e+01 1.254869e-01
3.164305e+01 1.240741e-01
3.157228e+01 1.250509e-01
3.154863e+01 1.262729e-01
3.166988e+01 1.259619e-01
3.174726e+01 1.257917e-01
3.143127e+01 1.266735e-01
3.172143e+01 1.270467e-01
3.148999e+01 1.261379e-01
3.192725e+01 1.265904e-01
3.210878e+01 1.267569e-01
3.133007e+01 1.281273e-01
3.180373e+01 1.271277e-01
3.149301e+01 1.288470e-01
3.155676e+01 1.301852e-01
3.207473e+01 1.316807e-01
3.199639e+01 1.323723e-01
3.173462e+01 1.330694e-01
3.163940e+01 1.341419e-01
3.157770e+01 1.296796e-01
3.166718e+01 1.262026e-01
3.182612e+01 1.261732e-01
3.175184e+01 1.257910e-01
3.207552e+01 1.253135e-01
3.181463e+01 1.269158e-01
3.162573e+01 1.270157e-01
3.175968e+01 1.266073e-01
3.198324e+01 1.255212e-01
3.180287e+01 1.254830e-01
3.180859e+01 1.261811e-01
3.181765e+01 1.263076e-01
3.160492e+01 1.253952e-01
3.190404e+01 1.249577e-01
3.185377e+01 1.240222e-01
3.165753e+01 1.237904e-01
3.184050e+01 1.232966e-01
3.174314e+01 1.217940e-01
3.235533e+01 1.206404e-01
3.167646e+01 1.191354e-01
3.181571e+01 1.184334e-01
3.186489e+01 1.181123e-01
3.194263e+01 1.164777e-01
3.225726e+01 1.185333e-01
3.213156e+01 1.195677e-01
3.200300e+01 1.192777e-01
3.213424e+01 1.242375e-01
2.703069e+01 3.458100e+00
2.736284e+01 3.460851e+00
2.724374e+01 3.466240e+00
3.237606e+01 6.618987e+00
3.224632e+01 6.332459e+00
3.233392e+01 6.364782e+00
3.220254e+01 6.371794e+00
3.263170e+01 6.375424e+00
3.239780e+01 6.380083e+00
3.231784e+01 6.355582e+00
3.248565e+01 6.354149e+00
3.226032e+01 6.316294e+00
3.210868e+01 6.298604e+00
3.234334e+01 6.339274e+00
3.244570e+01 6.324721e+00
3.234934e+01 6.356511e+00
3.251280e+01 6.383326e+00
3.234737e+01 6.413736e+00
3.219235e+01 6.355615e+00
3.260742e+01 6.313738e+00
3.230907e+01 6.292425e+00
3.217247e+01 6.274094e+00
3.226569e+01 6.299381e+00
3.221388e+01 6.272327e+00
3.214073e+01 6.229564e+00
3.217737e+01 6.285832e+00
3.201699e+01 6.258477e+00
3.222057e+01 6.355850e+00
3.223220e+01 6.353596e+00
3.204897e+01 6.414358e+00
3.179889e+01 6.429159e+00
3.203295e+01 6.449488e+00
3.206423e+01 6.471260e+00
3.210911e+01 6.544170e+00
3.180588e+01 6.513822e+00
3.210684e+01 6.608498e+00
3.202997e+01 6.559017e+00
3.187773e+01 6.615678e+00
3.192407e+01 6.699067e+00
3.157437e+01 6.762820e+00
3.215391e+01 6.698307e+00
3.215202e+01 6.740281e+00
3.225167e+01 6.821242e+00
3.185013e+01 6.853180e+00
3.204160e+01 6.856331e+00
3.208579e+01 6.871212e+00
3.219174e+01 6.812896e+00
3.211270e+01 6.803879e+00
3.247027e+01 6.764360e+00
3.203990e+01 6.838081e+00
3.230599e+01 6.744466e+00
3.224135e+01 6.740560e+00
3.214833e+01 6.734631e+00
3.220729e+01 6.715845e+00
3.217413e+01 6.703828e+00
3.226636e+01 6.742290e+00
3.241069e+01 6.797769e+00
3.223497e+01 6.790233e+00
3.244331e+01 6.815611e+00
3.184891e+01 6.831420e+00
3.243502e+01 6.851052e+00
3.218153e+01 6.877786e+00
3.217204e+01 6.864405e+00
3.230163e+01 6.899492e+00
3.213092e+01 6.889161e+00
3.205602e+01 6.917278e+00
3.228828e+01 6.935925e+00
3.230477e+01 6.914315e+00
3.238215e+01 6.948439e+00
3.237515e+01 6.967676e+00
3.250731e+01 6.992814e+00
3.225151e+01 7.024730e+00
3.188109e+01 6.973932e+00
3.206568e+01 7.004704e+00
3.206697e+01 7.023346e+00
3.229561e+01 7.037166e+00
3.199601e+01 7.042340e+00
3.190618e+01 7.037687e+00
3.194503e+01 7.055019e+00
3.200668e+01 7.097910e+00
3.161044e+01 7.070783e+00
3.200620e+01 7.099011e+00
3.157860e+01 7.137757e+00
3.178514e+01 7.140027e+00
3.189269e+01 7.147440e+00
3.170322e+01 7.151718e+00
3.175243e+01 7.184126e+00
3.184025e+01 7.083152e+00
3.185687e+01 7.144394e+00
3.178256e+01 7.204214e+00
3.208316e+01 7.170712e+00
3.199989e+01 7.167362e+00
3.174974e+01 7.247994e+00
3.193504e+01 6.737712e+00
3.194883e+01 6.719956e+00
3.205602e+01 6.820703e+00
3.195121e+01 6.859549e+00
3.192903e+01 6.751690e+00
3.233181e+01 6.714124e+00
3.220187e+01 6.743881e+00
3.198303e+01 6.725632e+00
3.204330e+01 6.708666e+00
3.208533e+01 6.717285e+00
3.224359e+01 6.737693e+00
3.212129e+01 6.715838e+00
3.205027e+01 6.691312e+00
3.198684e+01 6.705200e+00
3.214501e+01 6.779305e+00
3.211221e+01 6.833387e+00
3.192556e+01 6.905489e+00
3.209039e+01 7.039450e+00
3.227842e+01 7.286171e+00
3.194727e+01 7.616765e+00
3.205927e+01 7.994103e+00
3.216950e+01 7.936566e+00
3.201129e+01 7.689833e+00
3.210183e+01 7.264505e+00
