2.825478e+01 6.004825e-02
2.793386e+01 5.999163e-02
2.756201e+01 5.993958e-02
3.005379e+01 9.460439e-02
3.014695e+01 1.643151e-01
3.038185e+01 1.749644e-01
2.969944e+01 1.582623e-01
2.964737e+01 1.594013e-01
2.979386e+01 1.637176e-01
3.017277e+01 1.657836e-01
3.024406e+01 1.680081e-01
2.951188e+01 1.753851e-01
3.028301e+01 1.759175e-01
3.009363e+01 1.793921e-01
2.988465e+01 1.811008e-01
2.991078e+01 1.799630e-01
2.988345e+01 1.812927e-01
3.060503e+01 1.816877e-01
3.047862e+01 1.829159e-01
3.049980e+01 1.833731e-01
3.071237e+01 1.853946e-01
3.061945e+01 1.867119e-01
3.095941e+01 1.888106e-01
3.066406e+01 1.904490e-01
3.042250e+01 1.926055e-01
3.048617e+01 1.941836e-01
3.056564e+01 1.963382e-01
3.057061e+01 1.958171e-01
3.056259e+01 1.941778e-01
3.045721e+01 1.935517e-01
3.090081e+01 1.928129e-01
3.050581e+01 1.911538e-01
3.048224e+01 1.925562e-01
3.041144e+01 1.917727e-01
3.124856e+01 1.934739e-01
3.042664e+01 1.930837e-01
3.049197e+01 1.939174e-01
3.032635e+01 1.947792e-01
3.048474e+01 1.933101e-01
3.027869e+01 2.090297e-01
3.034757e+01 1.964026e-01
3.014824e+01 1.845620e-01
3.048720e+01 1.777180e-01
3.052704e+01 1.772578e-01
3.060540e+01 1.785720e-01
3.043105e+01 1.837857e-01
3.034908e+01 1.833809e-01
3.043523e+01 1.786783e-01
3.020402e+01 1.825921e-01
3.027222e+01 1.914150e-01
3.057135e+01 1.898068e-01
3.045413e+01 1.919805e-01
3.036907e+01 1.917706e-01
3.039906e+01 1.965407e-01
3.039645e+01 1.939040e-01
3.023818e+01 1.947380e-01
3.035698e+01 1.981129e-01
3.057620e+01 2.000595e-01
3.032314e+01 2.080857e-01
3.057006e+01 2.096994e-01
3.253129e+01 2.116884e-01
3.231858e+01 2.145138e-01
3.255099e+01 2.117370e-01
3.236771e+01 2.113530e-01
3.046641e+01 2.089864e-01
3.022960e+01 2.116613e-01
3.024859e+01 2.106313e-01
3.043292e+01 2.106571e-01
3.019263e+01 2.118467e-01
3.043602e+01 2.130281e-01
3.041852e+01 2.133055e-01
3.030712e+01 2.137710e-01
3.189766e+01 2.130416e-01
3.025148e+01 2.126887e-01
3.047461e+01 2.104765e-01
3.026776e+01 2.110695e-01
3.006552e+01 2.105291e-01
3.034678e+01 2.126383e-01
3.044431e+01 2.109862e-01
3.041991e+01 2.101207e-01
3.044473e+01 2.099209e-01
3.008941e+01 2.091671e-01
3.040052e+01 2.121626e-01
2.682681e+01 1.224733e-01
2.671333e+01 1.222729e-01
2.671650e+01 1.226324e-01
2.967714e+01 1.723706e-01
3.013902e+01 2.097652e-01
3.070301e+01 1.548590e-01
3.160059e+01 2.088463e-01
3.050955e+01 1.645704e-01
3.244578e+01 2.114550e-01
3.079027e+01 1.595221e-01
3.244705e+01 2.123045e-01
2.970187e+01 1.324754e-01
3.260911e+01 2.130252e-01
2.982973e+01 1.364429e-01
3.235440e+01 2.115999e-01
2.973703e+01 1.548254e-01
3.061496e+01 2.103808e-01
3.273193e+01 1.543271e-01
3.020258e+01 2.177828e-01
3.269818e+01 1.598192e-01
3.015576e+01 2.183210e-01
3.287568e+01 1.721738e-01
3.041265e+01 2.145857e-01
3.259213e+01 1.773236e-01
3.050695e+01 2.137658e-01
3.198250e+01 1.795860e-01
2.877752e+01 1.850266e-01
3.023258e+01 2.122415e-01
2.834693e+01 1.983822e-01
3.038597e+01 2.118475e-01
3.170528e+01 1.811927e-01
3.013578e+01 2.108214e-01
3.266221e+01 1.724822e-01
3.030859e+01 2.182940e-01
3.219521e+01 1.766126e-01
2.918064e+01 1.793584e-01
3.024684e+01 2.169005e-01
2.885117e+01 1.753035e-01
3.029105e+01 2.169024e-01
2.895601e+01 1.767342e-01
3.040575e+01 2.142585e-01
2.936577e+01 1.754746e-01
3.035515e+01 2.149762e-01
3.233953e+01 1.784996e-01
3.039150e+01 2.154395e-01
3.255448e+01 1.794496e-01
3.173158e+01 2.146278e-01
3.236471e+01 1.811901e-01
3.231283e+01 1.660967e-01
3.181618e+01 2.147312e-01
3.218960e+01 1.672208e-01
3.229260e+01 2.147884e-01
3.251442e+01 1.686695e-01
3.053404e+01 2.152510e-01
2.871617e+01 1.622615e-01
3.032336e+01 2.151925e-01
2.712870e+01 1.512412e-01
3.006608e+01 2.165753e-01
2.759400e+01 1.525702e-01
3.222608e+01 2.166301e-01
2.770548e+01 1.524841e-01
3.242123e+01 2.164000e-01
2.765637e+01 1.541360e-01
3.012779e+01 2.162726e-01
2.849231e+01 1.579727e-01
2.834897e+01 1.574645e-01
3.028167e+01 2.180422e-01
2.810238e+01 1.567169e-01
2.995235e+01 2.188200e-01
2.799769e+01 1.587444e-01
3.225984e+01 2.182389e-01
2.899068e+01 1.641040e-01
3.056433e+01 2.189104e-01
2.926563e+01 1.657678e-01
2.936951e+01 1.671230e-01
2.861081e+01 1.646828e-01
2.903238e+01 1.666026e-01
2.810872e+01 1.576173e-01
2.742470e+01 1.574812e-01
2.719904e+01 1.602319e-01
2.698420e+01 1.603000e-01
2.705166e+01 1.608245e-01
2.759895e+01 1.606204e-01
2.914313e+01 1.627111e-01
2.762047e+01 1.667761e-01
3.167573e+01 1.774382e-01
3.171284e+01 1.781920e-01
3.170720e+01 1.788216e-01
3.218467e+01 1.598438e-01
2.769619e+01 1.680460e-01
3.241953e+01 1.350190e-01
2.914589e+01 1.635339e-01
3.227575e+01 1.365030e-01
2.762540e+01 1.643184e-01
3.240604e+01 1.368964e-01
2.721458e+01 1.663643e-01
3.259901e+01 1.376466e-01
2.699536e+01 1.670141e-01
3.259593e+01 1.381543e-01
2.916727e+01 1.617166e-01
3.253383e+01 1.377582e-01
3.182464e+01 1.631421e-01
3.258138e+01 1.397480e-01
2.915653e+01 1.657163e-01
3.252211e+01 1.419565e-01
2.878842e+01 1.654891e-01
3.261404e+01 1.415786e-01
2.935410e+01 1.658408e-01
3.221184e+01 1.421875e-01
2.911023e+01 1.658224e-01
3.242341e+01 1.425835e-01
2.916113e+01 1.658360e-01
3.013641e+01 1.431604e-01
2.938684e+01 1.667527e-01
3.030301e+01 1.434172e-01
2.887771e+01 1.653969e-01
2.964296e+01 1.452178e-01
2.922251e+01 1.654789e-01
2.888702e+01 1.457230e-01
2.976008e+01 1.670740e-01
2.951456e+01 1.657267e-01
2.942443e+01 1.663475e-01
2.951255e+01 1.655363e-01
2.931166e+01 1.653023e-01
2.921179e+01 1.652737e-01
2.915738e+01 1.670086e-01
2.919106e+01 1.664840e-01
2.911603e+01 1.655056e-01
2.910291e+01 1.663084e-01
2.937745e+01 1.674737e-01
2.875219e+01 1.684040e-01
2.919248e+01 1.682001e-01
2.969077e+01 1.676851e-01
2.929778e+01 1.700621e-01
2.972874e+01 1.694453e-01
2.954751e+01 1.704073e-01
2.721577e+01 8.464097e-02
2.724393e+01 8.448141e-02
2.727274e+01 8.434922e-02
3.050714e+01 1.820755e-01
3.098489e+01 1.583739e-01
3.060783e+01 1.731133e-01
3.086642e+01 1.682790e-01
2.931540e+01 1.500308e-01
2.955215e+01 1.420055e-01
2.913610e+01 1.721063e-01
2.985883e+01 1.702951e-01
2.965552e+01 1.796659e-01
2.917436e+01 1.837778e-01
2.881437e+01 1.915702e-01
2.892642e+01 2.086556e-01
2.903595e+01 1.808684e-01
2.885553e+01 1.782846e-01
2.878462e+01 1.821805e-01
2.890317e+01 1.857017e-01
2.877970e+01 1.881127e-01
2.877114e+01 1.909925e-01
2.839646e+01 1.960082e-01
2.824005e+01 1.981405e-01
2.451947e+01 1.814854e-01
2.453161e+01 1.824149e-01
2.454501e+01 1.825361e-01
2.937091e+01 1.505822e-01
2.868323e+01 2.031521e-01
2.945626e+01 1.726845e-01
2.868530e+01 2.062796e-01
3.239647e+01 1.753065e-01
2.849971e+01 2.075537e-01
2.922225e+01 1.773361e-01
2.872042e+01 1.882937e-01
2.899627e+01 1.765107e-01
3.247902e+01 1.889528e-01
2.928277e+01 1.743721e-01
3.241903e+01 1.878956e-01
3.268294e+01 1.740361e-01
2.879673e+01 1.877034e-01
3.272495e+01 1.754566e-01
2.964062e+01 1.892002e-01
3.213205e+01 1.790402e-01
3.252520e+01 1.908364e-01
2.927934e+01 1.796553e-01
3.243312e+01 1.888897e-01
2.916120e+01 1.816431e-01
2.973794e+01 2.446212e-01
2.916876e+01 1.787992e-01
2.911924e+01 2.471408e-01
2.879949e+01 1.758342e-01
2.946503e+01 2.516159e-01
2.887985e+01 1.750422e-01
2.901755e+01 2.527636e-01
2.874851e+01 1.754291e-01
2.919195e+01 2.559157e-01
2.908359e+01 1.649713e-01
2.887104e+01 2.586509e-01
3.071920e+01 1.725460e-01
2.935175e+01 2.652335e-01
3.055772e+01 1.702470e-01
3.220384e+01 2.672202e-01
2.924698e+01 1.708754e-01
2.901229e+01 1.690097e-01
3.217403e+01 2.681829e-01
2.902409e+01 1.704367e-01
3.244646e+01 2.640887e-01
3.086374e+01 1.695366e-01
2.856120e+01 2.646202e-01
3.082267e+01 1.707406e-01
3.248944e+01 2.658754e-01
3.043661e+01 1.703473e-01
2.969885e+01 2.603697e-01
2.886774e+01 1.713668e-01
2.865935e+01 1.705943e-01
2.946261e+01 2.597862e-01
2.885107e+01 1.714626e-01
3.123437e+01 2.568520e-01
2.870550e+01 1.717141e-01
2.937146e+01 2.620469e-01
2.878152e+01 1.735969e-01
2.920879e+01 2.627738e-01
2.856978e+01 1.743728e-01
2.805123e+01 2.571527e-01
2.892784e+01 1.704736e-01
2.859663e+01 2.527025e-01
2.857091e+01 1.741022e-01
2.906512e+01 2.521240e-01
2.890809e+01 1.751707e-01
3.235254e+01 2.482873e-01
2.883202e+01 1.742216e-01
3.232136e+01 2.439308e-01
2.890313e+01 1.762897e-01
3.227617e+01 2.404355e-01
2.891415e+01 1.777730e-01
3.198476e+01 2.331988e-01
2.926752e+01 1.758162e-01
3.231374e+01 2.344124e-01
2.910626e+01 1.736356e-01
3.090246e+01 2.359042e-01
2.923996e+01 1.709984e-01
2.857208e+01 1.937980e-01
2.944914e+01 1.884036e-01
2.903645e+01 1.678130e-01
3.141384e+01 1.861220e-01
2.878556e+01 1.657242e-01
3.127820e+01 1.852855e-01
2.896574e+01 1.641284e-01
3.228920e+01 1.785511e-01
3.255236e+01 1.654939e-01
3.249104e+01 1.703175e-01
3.250998e+01 1.666067e-01
3.254496e+01 1.645714e-01
3.242342e+01 1.672584e-01
3.146167e+01 1.581416e-01
3.236430e+01 1.645743e-01
3.109616e+01 1.593919e-01
3.248235e+01 1.633924e-01
3.249376e+01 1.606884e-01
3.184379e+01 1.601281e-01
3.190558e+01 1.615972e-01
2.863131e+01 1.734811e-01
2.934567e+01 1.635038e-01
2.951560e+01 1.968736e-01
2.923961e+01 2.015080e-01
3.273388e+01 2.025973e-01
3.217393e+01 1.991527e-01
2.896117e+01 1.950429e-01
2.915315e+01 1.912584e-01
2.862954e+01 1.872373e-01
2.582596e+01 7.769800e-02
2.571272e+01 7.672903e-02
2.569055e+01 7.833234e-02
2.942769e+01 1.632365e-01
3.002887e+01 1.291998e-01
3.076375e+01 1.138860e-01
3.077688e+01 1.133429e-01
3.109742e+01 1.153775e-01
3.317608e+01 1.145836e-01
3.301981e+01 1.078255e-01
3.325740e+01 1.072367e-01
3.320777e+01 1.072472e-01
3.321809e+01 1.099620e-01
3.321578e+01 1.132684e-01
3.309445e+01 1.157181e-01
3.258645e+01 1.174263e-01
3.264505e+01 1.184598e-01
3.275405e+01 1.194054e-01
3.239987e+01 1.213542e-01
3.240628e+01 1.211464e-01
3.269961e+01 1.217858e-01
3.239972e+01 1.216862e-01
3.229132e+01 1.224416e-01
3.222373e+01 1.241234e-01
3.261776e+01 1.246268e-01
3.219954e+01 1.261344e-01
3.079901e+01 1.257454e-01
3.012357e+01 1.273677e-01
3.009001e+01 1.282505e-01
2.948237e+01 1.283588e-01
3.005673e+01 1.292909e-01
3.031371e+01 1.299000e-01
3.231355e+01 1.292034e-01
3.258361e+01 1.290671e-01
3.025537e+01 1.290185e-01
2.962775e+01 1.289828e-01
3.014754e+01 1.323360e-01
2.897848e+01 1.327744e-01
2.898524e+01 1.347539e-01
3.058863e+01 1.356630e-01
2.870343e+01 1.363381e-01
2.864131e+01 1.349700e-01
3.001096e+01 1.341159e-01
2.873975e+01 1.357977e-01
2.878619e+01 1.370285e-01
3.008750e+01 1.373696e-01
3.012101e+01 1.352930e-01
2.944784e+01 1.370910e-01
3.004698e+01 1.386012e-01
2.877172e+01 1.381060e-01
2.850252e+01 1.394508e-01
2.883812e+01 1.396370e-01
2.930417e+01 1.387528e-01
2.964309e+01 1.408073e-01
2.954668e+01 1.383005e-01
2.859602e+01 1.384823e-01
2.956412e+01 1.371186e-01
2.886248e+01 1.412110e-01
2.892906e+01 1.380733e-01
2.976163e+01 1.400535e-01
2.857463e+01 1.414778e-01
2.921146e+01 1.404865e-01
2.939012e+01 1.411873e-01
2.927596e+01 1.412960e-01
2.914826e+01 1.421484e-01
2.898913e+01 1.430739e-01
2.946620e+01 1.440433e-01
2.896206e+01 1.419950e-01
2.911582e+01 1.430710e-01
2.921089e+01 1.442943e-01
2.923623e+01 1.444625e-01
2.906804e+01 1.441192e-01
2.913560e+01 1.452752e-01
2.928002e+01 1.448473e-01
2.887995e+01 1.450439e-01
2.902074e+01 1.452126e-01
2.891299e+01 1.455875e-01
2.922036e+01 1.465320e-01
2.918877e+01 1.478797e-01
2.923557e+01 1.481524e-01
2.917843e+01 1.493683e-01
3.073872e+01 1.487710e-01
3.037817e+01 1.493715e-01
2.885839e+01 1.517567e-01
2.923486e+01 1.514220e-01
2.945323e+01 1.522216e-01
3.259322e+01 1.527315e-01
3.294769e+01 1.524506e-01
3.298760e+01 1.534179e-01
3.265002e+01 1.546000e-01
3.240624e+01 1.557691e-01
3.250540e+01 1.556098e-01
3.276552e+01 1.573941e-01
3.270199e+01 1.591100e-01
3.247879e+01 1.585359e-01
3.257214e+01 1.593709e-01
3.268957e+01 1.591220e-01
3.231955e+01 8.566426e-02
3.251660e+01 8.570754e-02
3.227533e+01 8.569683e-02
3.260275e+01 1.116238e-01
3.283537e+01 1.590010e-01
3.297705e+01 1.048298e-01
3.267069e+01 1.595569e-01
3.302461e+01 1.041132e-01
3.256923e+01 1.582981e-01
3.290545e+01 1.045818e-01
3.273457e+01 1.598022e-01
3.317384e+01 9.883877e-02
3.265471e+01 1.602907e-01
3.294821e+01 9.685770e-02
3.263199e+01 1.603243e-01
3.318694e+01 9.815165e-02
3.228378e+01 1.601338e-01
3.304244e+01 1.026494e-01
3.247010e+01 1.588342e-01
3.241976e+01 1.597625e-01
3.315856e+01 1.041126e-01
3.258810e+01 1.596023e-01
3.302236e+01 1.000897e-01
3.269762e+01 1.591935e-01
3.307371e+01 9.359141e-02
3.236835e+01 1.594317e-01
3.283269e+01 1.077847e-01
3.266514e+01 1.619579e-01
3.292946e+01 1.059795e-01
3.281831e+01 1.597677e-01
3.274556e+01 1.157951e-01
3.275520e+01 1.596656e-01
3.270179e+01 1.585106e-01
3.296541e+01 1.173488e-01
3.266928e+01 1.148914e-01
3.253887e+01 1.315291e-01
3.243905e+01 1.184312e-01
3.229426e+01 1.215650e-01
3.230196e+01 1.321956e-01
3.235417e+01 1.421970e-01
3.218571e+01 1.488474e-01
3.221142e+01 1.509971e-01
3.251979e+01 1.521951e-01
3.247914e+01 1.450476e-01
3.252834e+01 1.393161e-01
3.276265e+01 1.355597e-01
3.250800e+01 1.346081e-01
3.262344e+01 1.343619e-01
3.273214e+01 1.180858e-01
3.240551e+01 1.020119e-01
3.251302e+01 9.313514e-02
3.208904e+01 9.746350e-02
3.266047e+01 1.125288e-01
3.246558e+01 1.257891e-01
3.268267e+01 1.392325e-01
3.256127e+01 1.388031e-01
3.281711e+01 1.366913e-01
3.238060e+01 1.340008e-01
3.266448e+01 1.352676e-01
3.251821e+01 1.415333e-01
3.227123e+01 1.489706e-01
3.247861e+01 1.577327e-01
2.798832e+01 6.674437e-02
2.797696e+01 6.695742e-02
2.802194e+01 6.684975e-02
3.069234e+01 1.449279e-01
3.251967e+01 1.672377e-01
3.154788e+01 1.525784e-01
3.118735e+01 1.566742e-01
3.267327e+01 1.654996e-01
3.252321e+01 1.618859e-01
3.118560e+01 1.555442e-01
3.244584e+01 1.536245e-01
3.156705e+01 1.617381e-01
2.956962e+01 1.576372e-01
3.105037e+01 1.607664e-01
2.924170e+01 1.682138e-01
3.153565e+01 1.534914e-01
2.937164e+01 1.817872e-01
3.129203e+01 1.471548e-01
3.241386e+01 1.893088e-01
3.130030e+01 1.407180e-01
3.269353e+01 1.899550e-01
3.147232e+01 1.351684e-01
3.218501e+01 1.811246e-01
2.920381e+01 1.797171e-01
3.109457e+01 1.376897e-01
2.935067e+01 1.908444e-01
3.149369e+01 1.620484e-01
2.974318e+01 1.835480e-01
3.109707e+01 1.878181e-01
2.885622e+01 1.703076e-01
3.246761e+01 1.821131e-01
2.865900e+01 1.646299e-01
2.886729e+01 1.657139e-01
3.251475e+01 1.693000e-01
2.910091e+01 1.677725e-01
3.249915e+01 1.847540e-01
2.900206e+01 1.742184e-01
3.263510e+01 1.679269e-01
3.242617e+01 1.687836e-01
3.279650e+01 1.691736e-01
3.256887e+01 1.740962e-01
3.278809e+01 1.739169e-01
3.261145e+01 1.745356e-01
3.125499e+01 1.776593e-01
3.133394e+01 1.754942e-01
3.123645e+01 1.784728e-01
3.229436e+01 1.931248e-01
3.244462e+01 1.897699e-01
3.111792e+01 1.809580e-01
3.107019e+01 1.790557e-01
3.095859e+01 1.770423e-01
3.038411e+01 1.806081e-01
3.057599e+01 1.787184e-01
3.048402e+01 1.789455e-01
3.088911e+01 1.774625e-01
3.114991e+01 1.781578e-01
3.094832e+01 1.810495e-01
3.094067e+01 1.757471e-01
3.110098e+01 1.773341e-01
3.019220e+01 1.797267e-01
3.094823e+01 1.778800e-01
3.095351e+01 2.022094e-01
3.071947e+01 1.912866e-01
2.976550e+01 1.816527e-01
3.084398e+01 1.948667e-01
3.067737e+01 2.037899e-01
3.008856e+01 1.930632e-01
3.081674e+01 1.846605e-01
3.020788e+01 1.788427e-01
3.109884e+01 1.732935e-01
3.056672e+01 1.727023e-01
3.079994e+01 1.941888e-01
3.036446e+01 2.050791e-01
3.079891e+01 1.901404e-01
3.069453e+01 1.660061e-01
2.909552e+01 1.991993e-01
3.064807e+01 1.775104e-01
2.942292e+01 1.541843e-01
2.989499e+01 1.614517e-01
3.257136e+01 1.726512e-01
3.236226e+01 1.920934e-01
3.230227e+01 1.972273e-01
3.236171e+01 2.050334e-01
3.214464e+01 2.184261e-01
3.214712e+01 2.141005e-01
3.226726e+01 2.051920e-01
3.056307e+01 2.099843e-01
3.031524e+01 2.067455e-01
3.077243e+01 2.100239e-01
3.070645e+01 1.847993e-01
3.045423e+01 1.906254e-01
3.061562e+01 1.916582e-01
3.104335e+01 2.189067e-01
3.106901e+01 2.199614e-01
3.097353e+01 2.193616e-01
3.272786e+01 1.032619e-01
3.062885e+01 1.931706e-01
3.247687e+01 1.212122e-01
3.255770e+01 1.226458e-01
3.250547e+01 1.949859e-01
3.287118e+01 1.220101e-01
3.269781e+01 1.991326e-01
3.286052e+01 1.204436e-01
3.266479e+01 2.000617e-01
3.286031e+01 1.177202e-01
3.231585e+01 2.031784e-01
3.272752e+01 1.180850e-01
3.248206e+01 2.189212e-01
3.263398e+01 1.232728e-01
3.231529e+01 2.270360e-01
3.230190e+01 1.249466e-01
3.204890e+01 1.219140e-01
3.092585e+01 2.270408e-01
3.207457e+01 1.180059e-01
3.063010e+01 2.276095e-01
3.212361e+01 1.157400e-01
3.215145e+01 2.287636e-01
3.191507e+01 1.125076e-01
3.248284e+01 2.163038e-01
3.246160e+01 1.109835e-01
3.051181e+01 2.287559e-01
3.272273e+01 1.016512e-01
3.039795e+01 2.327056e-01
3.291141e+01 1.034275e-01
3.269767e+01 1.097818e-01
3.272240e+01 1.023692e-01
3.259425e+01 1.011390e-01
3.323179e+01 9.086423e-02
3.324764e+01 1.013808e-01
3.319651e+01 1.027326e-01
3.316431e+01 9.858480e-02
3.323417e+01 9.943209e-02
3.289367e+01 1.062170e-01
3.327732e+01 1.062837e-01
3.295508e+01 1.079777e-01
3.291733e+01 1.069911e-01
3.302903e+01 1.018080e-01
3.332714e+01 1.076794e-01
3.314909e+01 1.086059e-01
3.292844e+01 1.084279e-01
3.281664e+01 1.066361e-01
3.291672e+01 1.082381e-01
3.282164e+01 1.062409e-01
3.306132e+01 1.069806e-01
3.272063e+01 1.073245e-01
3.288607e+01 1.074330e-01
3.282923e+01 1.075971e-01
3.294678e+01 1.083757e-01
3.303806e+01 1.079980e-01
3.281036e+01 1.075417e-01
3.294393e+01 1.074829e-01
3.282514e+01 1.059886e-01
3.273369e+01 1.055195e-01
3.265005e+01 1.059058e-01
3.284096e+01 1.063393e-01
3.253086e+01 1.062385e-01
3.297050e+01 1.058969e-01
3.286872e+01 1.059724e-01
3.232385e+01 1.069909e-01
3.267932e+01 1.060600e-01
3.273846e+01 1.060782e-01
3.267592e+01 1.063544e-01
3.270154e+01 1.061335e-01
3.278649e+01 1.063694e-01
3.275392e+01 1.064118e-01
3.282803e+01 1.061907e-01
3.298328e+01 1.058288e-01
3.246107e+01 1.059281e-01
3.278227e+01 1.062051e-01
3.266389e+01 1.065525e-01
3.288832e+01 1.071090e-01
3.289144e+01 1.075203e-01
3.261009e+01 1.075473e-01
3.273898e+01 1.076463e-01
3.264293e+01 1.074427e-01
3.277460e+01 1.074036e-01
3.271918e+01 1.081325e-01
3.291102e+01 1.070518e-01
3.256662e+01 1.067709e-01
3.273793e+01 1.054710e-01
3.288705e+01 1.050095e-01
3.292028e+01 1.046278e-01
3.273308e+01 1.043921e-01
3.293034e+01 1.041729e-01
3.308376e+01 1.037319e-01
3.309526e+01 1.032632e-01
3.332229e+01 1.036037e-01
3.327131e+01 1.033574e-01
3.310479e+01 1.037071e-01
3.285058e+01 1.035835e-01
3.300018e+01 1.025268e-01
3.297445e+01 1.020621e-01
3.305814e+01 1.020934e-01
3.285638e+01 1.023060e-01
3.316151e+01 1.084327e-01
3.302966e+01 1.061833e-01
3.323632e+01 1.079345e-01
3.255131e+01 1.146074e-01
3.249846e+01 1.175452e-01
3.242716e+01 1.176818e-01
3.242549e+01 1.182298e-01
3.258802e+01 1.180339e-01
3.249772e+01 1.176944e-01
3.242166e+01 1.165977e-01
3.251386e+01 1.183922e-01
3.233982e+01 1.183215e-01
3.241272e+01 1.186279e-01
3.259857e+01 1.205922e-01
3.248123e+01 1.205165e-01
3.248391e+01 1.214227e-01
3.263576e+01 1.226915e-01
3.275163e+01 1.230431e-01
3.268238e+01 1.231599e-01
3.269580e+01 1.245236e-01
3.277418e+01 1.253522e-01
3.246626e+01 1.265479e-01
3.247247e+01 1.272773e-01
3.259126e+01 1.274681e-01
3.273346e+01 1.287458e-01
3.286099e+01 1.294861e-01
3.246233e+01 1.293089e-01
3.267821e+01 1.309565e-01
3.269882e+01 1.311043e-01
3.260697e+01 1.320596e-01
2.456697e+01 9.459690e-02
2.502392e+01 9.519551e-02
2.493471e+01 9.539320e-02
3.310949e+01 8.186079e-02
3.285204e+01 1.028999e-01
3.268365e+01 1.072315e-01
3.294299e+01 1.065701e-01
3.266446e+01 1.066883e-01
3.309348e+01 1.064414e-01
3.309720e+01 1.069784e-01
3.317530e+01 1.116409e-01
3.276343e+01 1.135480e-01
3.274375e+01 1.127944e-01
3.302940e+01 1.155477e-01
3.285355e+01 1.153348e-01
3.295680e+01 1.168548e-01
3.308166e+01 1.176681e-01
3.278740e+01 1.187405e-01
3.292013e+01 1.189053e-01
3.278543e+01 1.198141e-01
3.280912e+01 1.184226e-01
3.272452e+01 1.182576e-01
3.279228e+01 1.182214e-01
3.289988e+01 1.174157e-01
3.309237e+01 1.178113e-01
3.279817e+01 1.158864e-01
3.268074e+01 1.185817e-01
3.261224e+01 1.178051e-01
3.263341e+01 1.148962e-01
3.278802e+01 1.156104e-01
3.298732e+01 1.149218e-01
3.298324e+01 1.153112e-01
3.277801e+01 1.140008e-01
3.293261e+01 1.140787e-01
3.290835e+01 1.141274e-01
3.293676e+01 1.144802e-01
3.280738e+01 1.163109e-01
3.285896e+01 1.184180e-01
3.272889e+01 1.197555e-01
3.293971e+01 1.215669e-01
3.296631e+01 1.236673e-01
3.279142e+01 1.253998e-01
3.248970e+01 1.288256e-01
3.286589e+01 1.324828e-01
3.277891e+01 1.351913e-01
3.255617e+01 1.373134e-01
3.266006e+01 1.391297e-01
3.295496e+01 1.417710e-01
3.269889e+01 1.427488e-01
3.287904e+01 1.427730e-01
3.270739e+01 1.451749e-01
3.293103e+01 1.449571e-01
3.270046e+01 1.444265e-01
3.292786e+01 1.445117e-01
3.290165e+01 1.454488e-01
3.295044e+01 1.445853e-01
3.302968e+01 1.420325e-01
3.291162e+01 1.386215e-01
3.282563e+01 1.361919e-01
3.290360e+01 1.310030e-01
3.297168e+01 1.284716e-01
3.288582e+01 1.263650e-01
3.256318e+01 1.263826e-01
3.267626e+01 1.263234e-01
3.266454e+01 1.268187e-01
3.248299e+01 1.273212e-01
3.272822e+01 1.285571e-01
3.304991e+01 1.295945e-01
3.260980e+01 1.306643e-01
3.289859e+01 1.323160e-01
3.264176e+01 1.331466e-01
3.246222e+01 1.328139e-01
3.271723e+01 1.324971e-01
3.260869e+01 1.327183e-01
3.271836e+01 1.329724e-01
2.651038e+01 6.970148e-02
2.627273e+01 7.001106e-02
2.640735e+01 6.950166e-02
2.952908e+01 1.677259e-01
2.983438e+01 1.288854e-01
3.159578e+01 1.160595e-01
3.256811e+01 1.144309e-01
3.280386e+01 1.178592e-01
3.263214e+01 1.177187e-01
3.319018e+01 1.155774e-01
3.313404e+01 1.141611e-01
3.291407e+01 1.128941e-01
3.302674e+01 1.140651e-01
3.285253e+01 1.140882e-01
3.312127e+01 1.108816e-01
3.313970e+01 1.116619e-01
3.281596e+01 1.110296e-01
3.314680e+01 1.087417e-01
3.305202e+01 1.083425e-01
3.309553e+01 1.048376e-01
3.294225e+01 1.013531e-01
3.296240e+01 1.016721e-01
3.284980e+01 1.026485e-01
3.292078e+01 1.035525e-01
3.297798e+01 1.042429e-01
3.314195e+01 1.037634e-01
3.288230e+01 1.037180e-01
3.277670e+01 1.035846e-01
2.439979e+01 1.349097e-01
2.438217e+01 1.350308e-01
2.441234e+01 1.356470e-01
2.879199e+01 1.157999e-01
3.325345e+01 1.019629e-01
2.980580e+01 1.365170e-01
3.283014e+01 1.017368e-01
2.948125e+01 1.396573e-01
3.274312e+01 1.009799e-01
2.892773e+01 1.369213e-01
3.285367e+01 1.040366e-01
3.254885e+01 1.423578e-01
3.305124e+01 1.077385e-01
3.270577e+01 1.443198e-01
3.308022e+01 1.074957e-01
3.253156e+01 1.427928e-01
3.277463e+01 1.072597e-01
3.290232e+01 1.485845e-01
3.288378e+01 1.104787e-01
3.258552e+01 1.479860e-01
3.292208e+01 1.034606e-01
3.272870e+01 1.435595e-01
3.269401e+01 1.018197e-01
3.280432e+01 1.380830e-01
3.330994e+01 1.008583e-01
3.298037e+01 1.315357e-01
3.314191e+01 1.030405e-01
3.226447e+01 1.334887e-01
3.271192e+01 1.085935e-01
3.233178e+01 1.399353e-01
3.293780e+01 1.085241e-01
3.203939e+01 1.489729e-01
3.275707e+01 1.036960e-01
3.201943e+01 1.548000e-01
3.301989e+01 1.158243e-01
3.228875e+01 1.446649e-01
3.261831e+01 1.155219e-01
3.218373e+01 1.338274e-01
3.275421e+01 1.210645e-01
3.240596e+01 1.235573e-01
3.280230e+01 1.280350e-01
3.213160e+01 1.282012e-01
3.264910e+01 1.325384e-01
3.173590e+01 1.176779e-01
3.223220e+01 1.340635e-01
3.251368e+01 1.205981e-01
3.202245e+01 1.298924e-01
3.216038e+01 1.344966e-01
3.191223e+01 1.211942e-01
3.265841e+01 1.329463e-01
3.203805e+01 1.427798e-01
3.219995e+01 1.292299e-01
3.215697e+01 1.531620e-01
3.220021e+01 1.317814e-01
3.200098e+01 1.569791e-01
3.190776e+01 1.187438e-01
3.217643e+01 1.542219e-01
3.061648e+01 1.216591e-01
3.205908e+01 1.499149e-01
3.080185e+01 1.171579e-01
3.208987e+01 1.459088e-01
3.062096e+01 1.172739e-01
3.220536e+01 1.464713e-01
3.090432e+01 1.187276e-01
3.206247e+01 1.480835e-01
3.276880e+01 1.210028e-01
3.231305e+01 1.467944e-01
3.305651e+01 1.208493e-01
3.235955e+01 1.433458e-01
3.211126e+01 1.413978e-01
3.270468e+01 1.230197e-01
3.237662e+01 1.415524e-01
3.282954e+01 1.222417e-01
3.205188e+01 1.417149e-01
3.279096e+01 1.033963e-01
3.297980e+01 1.027720e-01
3.209100e+01 1.277423e-01
3.285103e+01 1.041200e-01
3.203481e+01 1.172708e-01
3.293258e+01 1.068949e-01
3.192802e+01 1.187962e-01
3.278749e+01 1.066485e-01
3.183380e+01 1.263164e-01
3.288398e+01 1.059135e-01
3.181169e+01 1.215646e-01
3.276384e+01 1.052034e-01
3.177860e+01 1.401913e-01
3.318348e+01 1.054589e-01
3.169033e+01 1.576865e-01
3.312857e+01 1.053302e-01
3.226078e+01 1.609280e-01
3.320064e+01 1.062332e-01
3.216551e+01 1.662972e-01
3.297131e+01 1.038270e-01
3.224630e+01 1.545670e-01
3.309585e+01 1.018724e-01
3.239137e+01 1.542057e-01
3.318729e+01 9.879563e-02
3.245902e+01 1.424281e-01
3.287366e+01 9.944140e-02
3.249830e+01 1.456251e-01
3.302263e+01 9.937275e-02
3.008092e+01 1.579875e-01
3.125485e+01 1.593095e-01
3.304059e+01 1.017726e-01
3.126572e+01 1.622050e-01
3.292363e+01 9.983063e-02
2.943034e+01 1.707219e-01
3.258509e+01 9.770941e-02
3.081837e+01 1.667179e-01
3.263452e+01 9.829311e-02
3.075109e+01 1.827538e-01
3.254340e+01 9.792927e-02
3.230203e+01 1.728846e-01
3.269067e+01 9.630732e-02
3.188608e+01 1.821742e-01
3.263339e+01 9.638384e-02
3.192159e+01 1.846594e-01
3.283956e+01 9.620534e-02
3.235002e+01 1.802531e-01
3.275295e+01 9.621535e-02
3.087120e+01 1.827184e-01
3.281739e+01 9.580578e-02
3.061291e+01 1.862963e-01
3.264003e+01 9.593220e-02
3.216841e+01 1.850518e-01
3.289322e+01 9.583450e-02
3.219133e+01 1.814386e-01
3.275783e+01 9.564494e-02
3.194386e+01 1.903015e-01
3.066802e+01 1.904033e-01
3.250852e+01 9.559323e-02
2.833849e+01 1.934814e-01
3.261209e+01 9.543927e-02
2.870944e+01 1.868510e-01
3.253435e+01 9.539249e-02
2.866386e+01 1.844590e-01
3.274022e+01 9.545155e-02
3.009040e+01 1.826048e-01
3.282592e+01 9.551300e-02
3.234795e+01 2.098413e-01
3.272677e+01 9.561035e-02
3.202167e+01 2.098640e-01
3.282579e+01 9.669410e-02
3.196065e+01 2.120983e-01
3.060459e+01 2.255755e-01
3.266434e+01 9.564389e-02
2.881777e+01 2.279508e-01
3.293991e+01 9.566224e-02
3.217740e+01 2.314901e-01
3.295075e+01 9.534614e-02
3.220811e+01 2.162111e-01
3.278291e+01 9.592630e-02
3.229724e+01 2.098963e-01
3.269467e+01 9.597540e-02
3.264011e+01 1.901296e-01
2.694834e+01 7.230462e-02
2.704065e+01 7.192750e-02
2.696253e+01 7.238590e-02
2.988084e+01 1.320553e-01
3.238788e+01 1.454729e-01
3.247484e+01 1.493357e-01
3.250304e+01 1.534076e-01
3.261047e+01 1.554632e-01
3.287641e+01 1.544573e-01
3.281792e+01 1.512532e-01
3.264698e+01 1.566000e-01
3.266610e+01 1.584148e-01
3.253967e+01 1.561904e-01
3.250615e+01 1.535731e-01
3.149948e+01 1.442386e-01
3.143662e+01 1.419505e-01
3.100476e+01 1.403168e-01
2.317345e+01 2.397608e-01
2.316269e+01 2.399537e-01
2.318473e+01 2.403570e-01
3.089176e+01 1.808984e-01
3.146725e+01 1.410584e-01
3.085023e+01 2.042608e-01
3.133350e+01 1.433213e-01
3.020307e+01 2.059661e-01
3.122396e+01 1.435135e-01
3.079281e+01 2.072556e-01
2.934147e+01 1.660615e-01
3.076172e+01 2.081223e-01
3.113973e+01 1.419684e-01
3.073366e+01 2.084016e-01
3.137949e+01 1.430981e-01
2.978014e+01 2.106234e-01
3.133581e+01 1.431023e-01
3.079031e+01 2.118695e-01
3.122966e+01 1.441649e-01
3.077265e+01 2.120625e-01
3.177226e+01 1.404266e-01
3.036128e+01 2.142579e-01
3.109799e+01 1.398827e-01
3.154756e+01 1.447818e-01
3.087430e+01 2.151641e-01
3.139641e+01 1.450133e-01
3.024522e+01 2.160270e-01
3.168992e+01 1.449009e-01
3.082291e+01 2.181562e-01
3.237926e+01 1.360279e-01
3.196724e+01 2.180819e-01
3.256342e+01 1.362512e-01
3.218731e+01 2.199515e-01
3.263585e+01 1.401566e-01
3.047893e+01 2.206979e-01
3.272997e+01 1.430385e-01
3.089750e+01 2.219648e-01
3.267097e+01 1.468670e-01
3.061772e+01 2.223745e-01
3.245472e+01 1.471986e-01
3.053190e+01 2.249368e-01
3.285313e+01 1.491339e-01
3.059857e+01 2.277350e-01
3.265218e+01 1.477296e-01
3.058063e+01 2.284194e-01
3.141827e+01 1.507789e-01
3.072851e+01 2.284284e-01
3.147221e+01 1.519146e-01
3.225144e+01 2.300209e-01
3.215514e+01 1.452751e-01
3.213765e+01 2.318119e-01
3.283635e+01 1.455402e-01
3.221755e+01 2.310846e-01
3.269979e+01 1.474803e-01
3.220109e+01 2.345130e-01
3.284835e+01 1.469609e-01
3.245324e+01 2.331401e-01
3.260733e+01 1.529136e-01
3.244460e+01 2.352881e-01
3.105711e+01 1.530955e-01
3.234602e+01 2.361539e-01
3.086439e+01 1.459644e-01
3.023926e+01 1.479436e-01
3.066475e+01 2.385994e-01
3.016867e+01 1.465479e-01
3.051006e+01 2.386874e-01
2.960739e+01 1.500524e-01
3.087923e+01 2.384659e-01
2.988381e+01 1.471033e-01
3.054951e+01 2.390915e-01
2.987833e+01 1.579122e-01
3.037850e+01 2.393203e-01
3.073190e+01 1.482728e-01
3.058005e+01 2.393368e-01
3.021999e+01 1.484397e-01
3.074802e+01 2.393679e-01
2.954162e+01 1.516493e-01
3.247931e+01 2.399243e-01
2.979054e+01 1.602285e-01
3.244523e+01 2.408400e-01
2.932471e+01 1.597713e-01
2.982181e+01 1.593542e-01
3.241920e+01 2.412974e-01
2.944944e+01 1.624298e-01
3.236950e+01 2.415611e-01
2.998057e+01 1.599720e-01
3.242438e+01 2.411184e-01
2.926005e+01 1.607568e-01
3.232121e+01 2.409587e-01
3.017353e+01 1.623787e-01
3.083527e+01 2.400473e-01
2.923680e+01 1.608842e-01
3.064718e+01 2.414235e-01
2.917845e+01 1.615437e-01
3.054623e+01 2.405234e-01
2.942721e+01 1.607488e-01
3.057848e+01 2.406240e-01
2.928864e+01 1.599695e-01
3.057768e+01 2.396346e-01
2.978839e+01 1.594181e-01
3.024199e+01 2.403156e-01
2.943444e+01 1.600932e-01
3.057615e+01 2.393504e-01
2.944079e+01 1.610370e-01
2.927560e+01 1.613625e-01
3.027276e+01 2.383579e-01
2.949106e+01 1.625852e-01
3.019613e+01 2.386936e-01
2.925418e+01 1.601328e-01
3.037127e+01 2.396711e-01
2.948115e+01 1.604308e-01
3.027498e+01 2.404747e-01
2.961564e+01 1.593669e-01
3.039816e+01 2.395357e-01
3.232178e+01 1.604669e-01
3.048369e+01 2.394097e-01
3.246549e+01 1.636187e-01
3.042225e+01 2.396693e-01
3.244448e+01 1.676749e-01
3.049809e+01 2.394669e-01
3.257238e+01 1.734679e-01
3.056583e+01 2.402375e-01
3.256164e+01 1.715769e-01
3.053390e+01 2.400935e-01
3.249389e+01 1.716163e-01
3.029993e+01 2.406861e-01
3.229627e+01 1.724291e-01
3.050777e+01 2.399333e-01
2.917203e+01 1.708610e-01
3.040365e+01 2.406065e-01
2.962459e+01 1.611353e-01
3.031775e+01 2.409157e-01
3.255675e+01 1.848066e-01
3.094618e+01 2.404776e-01
3.266709e+01 1.859991e-01
2.958817e+01 1.867060e-01
3.062483e+01 2.416311e-01
2.930743e+01 1.836237e-01
3.026578e+01 2.425085e-01
2.916287e+01 1.898769e-01
3.012028e+01 2.432895e-01
3.242309e+01 1.908533e-01
3.017820e+01 2.433531e-01
3.261910e+01 1.931582e-01
3.055438e+01 2.444395e-01
3.253936e+01 1.958086e-01
3.009943e+01 2.451236e-01
3.253597e+01 1.964978e-01
3.031644e+01 2.457311e-01
3.260289e+01 1.947635e-01
3.016842e+01 2.471830e-01
3.240491e+01 1.969180e-01
3.071227e+01 2.476681e-01
3.074944e+01 2.402311e-01
3.056008e+01 2.486751e-01
3.058469e+01 2.291446e-01
3.210090e+01 2.063519e-01
3.065368e+01 1.986709e-01
3.074702e+01 1.958314e-01
3.026110e+01 2.364293e-01
3.053488e+01 2.365051e-01
3.005610e+01 2.857839e-01
2.984261e+01 2.901796e-01
3.050895e+01 2.896966e-01
2.984152e+01 2.889504e-01
3.025867e+01 2.863840e-01
3.001164e+01 2.870214e-01
3.011918e+01 2.851188e-01
3.040985e+01 2.820041e-01
2.526748e+01 1.184814e-01
2.534689e+01 1.182816e-01
2.513252e+01 1.180282e-01
3.108846e+01 1.314864e-01
3.010335e+01 2.843482e-01
3.096009e+01 1.492988e-01
3.095421e+01 1.568172e-01
3.065536e+01 1.623682e-01
3.092872e+01 1.555575e-01
3.086510e+01 1.509432e-01
2.960080e+01 1.474604e-01
2.913048e+01 1.408352e-01
2.976436e+01 1.373672e-01
2.933433e+01 1.383359e-01
2.910240e+01 1.383646e-01
2.903229e+01 1.306670e-01
2.902581e+01 1.377737e-01
2.892788e+01 1.395494e-01
2.897214e+01 1.367203e-01
2.898165e+01 1.310910e-01
2.900160e+01 1.222474e-01
3.171414e+01 1.180669e-01
3.201586e+01 1.284070e-01
3.197089e+01 1.336124e-01
3.223507e+01 1.526599e-01
3.210939e+01 1.425890e-01
3.274070e+01 1.452883e-01
3.291712e+01 1.187126e-01
3.316369e+01 1.185046e-01
3.290697e+01 1.351877e-01
3.296347e+01 1.339022e-01
3.059177e+01 1.115894e-01
3.238623e+01 5.388816e-02
3.237101e+01 5.399693e-02
3.250366e+01 5.350481e-02
3.049062e+01 1.016951e-01
3.276450e+01 1.031144e-01
3.315625e+01 8.989643e-02
3.062709e+01 1.029705e-01
3.313342e+01 9.094828e-02
3.041655e+01 1.059704e-01
3.276151e+01 9.197459e-02
3.301669e+01 9.250398e-02
3.069168e+01 1.058694e-01
3.285810e+01 9.351661e-02
3.234931e+01 1.116735e-01
3.310922e+01 9.493544e-02
3.270958e+01 1.083012e-01
3.333252e+01 9.388014e-02
3.302314e+01 9.793402e-02
3.324517e+01 9.494126e-02
3.275019e+01 9.792708e-02
3.283482e+01 9.618961e-02
3.288817e+01 9.817767e-02
3.299346e+01 9.649296e-02
3.300138e+01 9.705292e-02
3.269721e+01 9.919567e-02
3.311611e+01 9.731030e-02
3.278377e+01 9.727694e-02
3.325226e+01 9.795886e-02
3.305314e+01 1.011896e-01
3.296222e+01 9.709571e-02
3.269832e+01 9.901992e-02
3.314890e+01 9.796712e-02
3.312082e+01 9.824851e-02
3.318683e+01 9.812605e-02
3.295202e+01 9.830878e-02
3.297060e+01 9.688189e-02
3.292318e+01 9.838832e-02
3.282612e+01 9.661799e-02
3.301978e+01 9.850698e-02
3.286946e+01 9.596430e-02
3.302191e+01 9.881692e-02
3.322749e+01 9.961528e-02
3.308261e+01 1.009618e-01
3.300866e+01 1.007649e-01
3.299543e+01 9.928938e-02
3.308308e+01 9.503446e-02
3.313580e+01 9.817817e-02
3.318450e+01 1.018053e-01
3.297928e+01 1.031114e-01
3.325293e+01 1.017372e-01
3.323045e+01 1.036891e-01
3.340842e+01 9.981799e-02
3.332870e+01 9.525139e-02
3.306608e+01 9.566552e-02
3.312618e+01 9.811052e-02
3.303058e+01 1.033707e-01
3.302021e+01 1.020617e-01
3.333824e+01 9.714338e-02
3.324757e+01 9.283934e-02
3.297721e+01 1.055760e-01
3.285889e+01 1.048997e-01
3.296374e+01 1.139502e-01
3.290536e+01 1.152896e-01
3.282688e+01 1.101581e-01
3.285553e+01 1.259822e-01
3.245860e+01 1.227477e-01
3.246950e+01 1.196770e-01
3.243916e+01 1.284223e-01
3.236919e+01 1.437615e-01
3.248210e+01 1.462241e-01
3.253647e+01 1.443427e-01
3.266611e+01 1.380095e-01
3.283697e+01 1.353118e-01
3.292558e+01 1.336075e-01
3.257872e+01 1.335116e-01
3.264598e+01 1.332500e-01
3.277342e+01 1.149910e-01
3.232318e+01 9.862607e-02
3.251943e+01 9.123871e-02
3.214322e+01 9.383549e-02
3.222860e+01 1.041121e-01
3.215402e+01 1.177308e-01
3.205956e+01 1.249173e-01
3.228459e+01 1.438382e-01
3.259400e+01 1.498656e-01
3.259001e+01 1.571167e-01
3.250358e+01 1.500866e-01
3.244236e+01 1.397342e-01
3.263896e+01 1.383597e-01
3.276277e+01 1.422569e-01
3.183058e+01 1.520873e-01
3.090488e+01 1.568415e-01
3.242787e+01 1.682415e-01
3.262205e+01 1.499784e-01
3.258988e+01 1.581024e-01
3.247242e+01 1.466254e-01
3.182954e+01 1.566193e-01
3.218808e+01 1.622060e-01
3.265668e+01 1.659150e-01
3.153920e+01 1.747418e-01
3.095779e+01 1.676931e-01
3.264874e+01 1.706490e-01
3.252307e+01 1.620351e-01
3.253191e+01 1.591871e-01
3.238435e+01 1.906682e-01
2.839631e+01 1.915007e-01
3.254752e+01 1.906080e-01
2.652735e+01 1.439471e-01
2.665206e+01 1.440295e-01
2.666739e+01 1.441893e-01
3.128781e+01 1.673741e-01
3.162733e+01 1.463396e-01
3.213982e+01 1.614110e-01
3.274880e+01 1.580470e-01
3.279763e+01 1.346688e-01
3.282383e+01 1.370426e-01
3.259337e+01 1.523215e-01
3.110123e+01 1.530257e-01
3.077150e+01 1.577770e-01
2.989606e+01 1.635794e-01
2.983975e+01 1.689257e-01
2.944967e+01 1.710097e-01
3.041646e+01 1.738793e-01
3.256270e+01 1.647910e-01
3.278934e+01 1.599143e-01
3.282124e+01 1.592282e-01
3.300798e+01 1.581818e-01
3.257378e+01 1.567249e-01
2.943984e+01 1.531130e-01
3.000771e+01 1.514833e-01
2.931849e+01 1.528743e-01
2.987576e+01 1.626317e-01
2.923278e+01 1.586244e-01
3.021844e+01 1.618057e-01
2.925007e+01 1.632695e-01
2.907454e+01 1.650101e-01
2.936859e+01 1.644708e-01
2.931492e+01 1.640528e-01
2.997624e+01 1.644577e-01
2.932531e+01 1.651760e-01
2.929572e+01 1.651107e-01
2.934452e+01 1.628844e-01
2.936254e+01 1.602569e-01
2.910577e+01 1.614404e-01
2.925734e+01 1.631323e-01
2.986150e+01 1.641677e-01
2.964189e+01 1.635561e-01
2.925144e+01 1.664749e-01
2.908542e+01 1.700696e-01
2.968167e+01 1.682483e-01
3.254875e+01 1.688754e-01
3.248143e+01 1.685616e-01
3.244545e+01 1.682730e-01
2.910966e+01 1.688807e-01
2.969666e+01 1.671733e-01
3.258364e+01 1.683640e-01
3.272917e+01 1.676794e-01
2.959234e+01 1.698914e-01
2.992750e+01 1.678709e-01
3.251180e+01 1.650297e-01
3.244411e+01 1.654393e-01
3.023802e+01 1.665306e-01
2.922091e+01 1.677815e-01
3.226283e+01 1.674999e-01
3.285327e+01 1.690036e-01
3.241093e+01 1.671841e-01
3.094706e+01 1.716075e-01
2.982881e+01 1.687756e-01
3.241022e+01 1.681500e-01
3.260294e+01 1.700190e-01
3.287877e+01 1.710877e-01
2.920293e+01 1.717233e-01
3.252004e+01 1.729927e-01
3.274999e+01 1.720222e-01
2.955191e+01 1.722113e-01
2.902599e+01 1.757445e-01
3.005312e+01 1.772340e-01
2.987870e+01 1.773333e-01
2.981511e+01 1.783766e-01
2.920331e+01 1.792520e-01
2.986589e+01 1.803506e-01
2.899971e+01 1.822683e-01
2.915283e+01 1.835405e-01
3.026601e+01 1.832797e-01
2.971049e+01 1.856341e-01
2.966810e+01 1.876331e-01
2.993923e+01 1.860564e-01
2.977884e+01 1.847403e-01
2.945874e+01 1.896856e-01
2.981115e+01 1.891751e-01
2.974413e+01 1.909920e-01
2.946363e+01 1.938714e-01
2.954531e+01 1.909550e-01
2.952323e+01 1.938343e-01
2.984832e+01 1.913439e-01
2.893238e+01 1.917272e-01
2.896039e+01 1.907012e-01
2.923275e+01 1.922293e-01
2.761660e+01 8.151214e-02
2.747912e+01 8.102121e-02
2.735635e+01 8.073151e-02
3.011758e+01 1.694418e-01
3.050936e+01 1.560920e-01
3.042673e+01 1.511892e-01
3.022569e+01 1.504950e-01
3.050810e+01 1.461663e-01
3.272452e+01 1.327972e-01
3.277336e+01 1.302940e-01
3.269353e+01 1.217356e-01
3.241204e+01 1.162299e-01
3.140310e+01 1.115235e-01
3.121419e+01 1.209357e-01
3.249485e+01 1.252963e-01
3.253466e+01 1.266464e-01
3.259082e+01 1.246368e-01
3.239487e+01 1.320457e-01
3.213343e+01 1.273584e-01
3.247287e+01 1.277430e-01
3.264121e+01 1.285194e-01
3.249198e+01 1.350265e-01
3.282518e+01 1.365842e-01
3.260860e+01 1.436248e-01
3.279783e+01 1.417734e-01
3.253943e+01 1.457186e-01
2.957053e+01 1.462389e-01
3.084008e+01 1.385984e-01
3.087353e+01 1.384085e-01
3.023094e+01 1.418382e-01
3.050406e+01 1.356141e-01
3.109750e+01 1.145097e-01
3.180115e+01 1.079901e-01
3.220699e+01 8.765369e-02
3.283486e+01 9.372666e-02
3.285420e+01 1.177665e-01
3.300350e+01 1.325357e-01
3.278751e+01 1.327130e-01
3.289769e+01 1.341503e-01
3.275890e+01 1.337409e-01
3.244752e+01 1.340372e-01
3.270661e+01 1.340424e-01
3.269878e+01 1.338227e-01
3.258907e+01 1.331995e-01
3.279282e+01 1.335739e-01
3.258190e+01 1.338446e-01
3.282368e+01 1.351756e-01
3.280387e+01 1.342931e-01
3.255450e+01 1.336439e-01
3.258537e+01 1.355004e-01
3.273209e+01 1.372670e-01
3.250110e+01 1.393334e-01
3.238120e+01 1.396901e-01
3.220977e+01 1.489390e-01
3.200847e+01 1.455570e-01
3.208392e+01 1.408550e-01
3.217352e+01 1.375183e-01
3.229518e+01 1.311366e-01
3.210182e+01 1.255335e-01
3.235353e+01 1.275509e-01
3.251578e+01 1.259976e-01
3.234771e+01 1.254689e-01
3.237337e+01 1.195228e-01
3.224127e+01 1.318156e-01
3.220414e+01 1.321934e-01
3.277182e+01 1.301178e-01
3.251617e+01 1.258550e-01
3.296692e+01 1.245889e-01
3.192949e+01 1.207252e-01
3.042508e+01 1.147952e-01
3.080882e+01 1.134429e-01
3.287623e+01 1.142121e-01
3.274153e+01 1.107519e-01
3.276110e+01 1.068115e-01
3.280464e+01 1.050366e-01
3.288629e+01 1.049869e-01
3.293337e+01 1.055593e-01
3.310682e+01 1.040863e-01
3.292513e+01 1.055853e-01
3.285634e+01 1.060008e-01
3.294510e+01 1.053272e-01
3.303554e+01 1.045776e-01
3.313746e+01 1.052093e-01
3.285283e+01 1.045971e-01
3.279620e+01 1.050437e-01
3.295808e+01 1.057193e-01
3.315893e+01 1.054651e-01
3.307358e+01 1.053046e-01
3.313545e+01 1.060005e-01
3.297039e+01 1.038172e-01
3.307616e+01 1.019941e-01
3.316569e+01 9.888460e-02
3.307047e+01 9.919709e-02
3.301597e+01 9.953709e-02
3.290438e+01 1.016326e-01
3.269164e+01 9.947777e-02
3.264825e+01 9.777030e-02
3.270752e+01 9.839468e-02
3.244790e+01 9.779212e-02
3.272805e+01 9.662072e-02
3.276500e+01 9.581907e-02
3.280623e+01 9.651719e-02
2.719529e+01 7.223583e-02
2.716503e+01 7.230423e-02
2.743232e+01 7.149275e-02
3.253378e+01 1.399327e-01
3.268043e+01 1.482531e-01
3.259681e+01 9.612930e-02
3.247284e+01 1.493988e-01
3.281066e+01 9.601583e-02
3.271266e+01 1.541966e-01
3.259306e+01 9.601682e-02
3.267558e+01 1.575536e-01
3.268729e+01 9.629499e-02
3.280811e+01 1.550723e-01
3.264739e+01 9.562217e-02
3.147228e+01 1.531773e-01
3.245876e+01 9.558853e-02
3.138394e+01 1.582690e-01
3.248118e+01 9.580265e-02
3.114599e+01 1.597993e-01
3.255291e+01 9.560185e-02
3.136177e+01 1.553663e-01
3.282522e+01 9.553181e-02
3.121241e+01 1.491299e-01
3.279957e+01 9.561618e-02
3.104287e+01 1.443934e-01
3.256526e+01 9.549007e-02
3.170504e+01 1.385696e-01
3.292530e+01 9.635844e-02
3.118802e+01 1.411451e-01
3.260380e+01 9.560124e-02
3.139600e+01 1.444346e-01
3.292735e+01 9.539945e-02
3.110471e+01 1.434118e-01
3.286403e+01 9.543557e-02
3.127467e+01 1.559436e-01
3.281883e+01 9.708980e-02
3.078076e+01 1.486015e-01
3.272582e+01 9.620489e-02
2.965536e+01 1.560368e-01
3.145266e+01 1.473594e-01
3.137196e+01 1.496755e-01
3.182068e+01 1.548544e-01
3.152393e+01 1.535105e-01
3.124759e+01 1.534914e-01
3.124289e+01 1.500070e-01
3.253285e+01 1.493726e-01
3.242853e+01 1.500694e-01
3.248441e+01 1.485555e-01
3.286051e+01 1.501325e-01
3.267097e+01 1.529003e-01
3.117534e+01 1.524719e-01
3.140380e+01 1.558592e-01
3.203511e+01 1.616108e-01
3.270121e+01 1.507662e-01
3.258007e+01 1.521164e-01
3.274464e+01 1.546853e-01
3.275260e+01 1.519341e-01
3.106140e+01 1.515971e-01
3.066809e+01 1.506555e-01
3.005560e+01 1.525396e-01
3.005664e+01 1.537960e-01
2.954594e+01 1.558191e-01
2.970879e+01 1.634018e-01
3.251558e+01 1.554122e-01
3.271827e+01 1.530622e-01
3.273724e+01 1.549805e-01
3.281474e+01 1.591441e-01
2.540056e+01 1.162164e-01
2.528946e+01 1.176613e-01
2.525706e+01 1.184451e-01
3.312259e+01 1.349871e-01
3.312556e+01 1.449787e-01
3.263953e+01 1.613752e-01
3.288306e+01 1.499610e-01
3.193948e+01 1.636908e-01
3.280241e+01 1.528404e-01
2.985835e+01 1.627067e-01
2.944288e+01 1.538747e-01
2.942125e+01 1.604599e-01
2.902319e+01 1.522875e-01
2.992093e+01 1.584923e-01
2.917720e+01 1.476192e-01
2.945375e+01 1.602724e-01
2.930989e+01 1.496705e-01
3.017876e+01 1.650420e-01
2.949144e+01 1.471574e-01
2.909761e+01 1.667694e-01
2.984988e+01 1.509067e-01
2.901648e+01 1.665973e-01
2.929715e+01 1.487245e-01
2.941028e+01 1.643610e-01
2.948197e+01 1.407243e-01
2.940785e+01 1.637425e-01
3.252224e+01 1.377632e-01
2.979322e+01 1.638653e-01
2.955150e+01 1.361331e-01
2.942979e+01 1.630654e-01
2.975270e+01 1.276965e-01
2.936812e+01 1.692714e-01
2.939579e+01 1.278545e-01
2.926141e+01 1.663280e-01
2.939279e+01 1.248297e-01
2.908082e+01 1.658979e-01
2.924077e+01 1.337935e-01
2.915337e+01 1.671351e-01
3.264306e+01 1.436911e-01
2.915006e+01 1.657436e-01
3.251421e+01 1.436199e-01
2.978632e+01 1.681588e-01
3.254779e+01 1.474562e-01
2.967817e+01 1.682624e-01
3.288379e+01 1.465636e-01
2.940086e+01 1.690749e-01
3.276179e+01 1.397512e-01
2.905424e+01 1.696818e-01
3.262356e+01 1.303232e-01
2.967706e+01 1.695538e-01
3.265065e+01 1.306722e-01
3.244956e+01 1.701728e-01
3.241983e+01 1.412926e-01
3.250339e+01 1.694339e-01
3.209165e+01 1.471133e-01
3.231559e+01 1.693692e-01
2.913746e+01 1.691183e-01
3.215623e+01 1.413930e-01
2.973196e+01 1.680959e-01
3.220417e+01 1.362640e-01
3.250861e+01 1.700316e-01
3.236846e+01 1.241324e-01
3.265203e+01 1.698029e-01
3.046066e+01 1.179708e-01
2.962703e+01 1.695051e-01
2.945999e+01 1.202007e-01
2.957249e+01 1.678472e-01
3.240385e+01 1.269414e-01
3.253465e+01 1.717445e-01
3.233625e+01 1.241628e-01
2.956010e+01 4.521943e-02
2.918973e+01 4.521169e-02
2.992946e+01 4.494283e-02
3.247967e+01 1.693128e-01
3.144938e+01 8.649639e-02
3.106380e+01 1.108387e-01
3.242197e+01 1.275087e-01
3.028948e+01 1.695223e-01
3.083162e+01 1.134922e-01
3.270605e+01 1.253653e-01
2.937848e+01 1.701545e-01
2.979106e+01 1.267615e-01
3.259082e+01 1.279259e-01
3.005608e+01 1.697896e-01
2.970915e+01 1.361423e-01
3.268399e+01 1.720771e-01
3.284746e+01 1.258331e-01
2.975891e+01 1.356551e-01
3.249215e+01 1.698002e-01
3.037939e+01 1.416758e-01
3.220634e+01 1.210592e-01
3.018391e+01 1.405380e-01
3.115786e+01 1.689752e-01
3.268788e+01 1.180364e-01
3.020642e+01 1.411832e-01
2.960472e+01 1.377954e-01
3.215032e+01 1.213956e-01
2.986240e+01 1.297856e-01
3.262117e+01 1.136807e-01
3.110204e+01 1.355981e-01
3.235647e+01 1.120439e-01
3.026547e+01 1.374942e-01
3.054247e+01 1.275778e-01
3.088940e+01 1.128564e-01
3.016119e+01 1.169526e-01
3.060437e+01 1.124189e-01
3.072496e+01 1.152314e-01
3.091933e+01 1.104196e-01
3.045081e+01 1.154406e-01
3.147730e+01 1.066289e-01
3.012647e+01 1.181810e-01
3.287324e+01 1.090053e-01
3.080367e+01 1.204998e-01
3.294610e+01 1.065241e-01
3.054699e+01 1.237238e-01
3.272519e+01 1.031746e-01
3.047982e+01 1.438804e-01
3.289917e+01 1.037959e-01
3.020270e+01 1.457944e-01
3.287384e+01 1.040748e-01
3.037456e+01 1.464983e-01
3.283946e+01 1.051047e-01
3.007586e+01 1.460720e-01
3.296783e+01 1.051695e-01
3.049135e+01 1.465465e-01
3.277587e+01 1.044803e-01
3.024893e+01 1.473517e-01
2.983024e+01 1.488285e-01
3.268738e+01 1.043345e-01
3.025395e+01 1.483662e-01
3.278857e+01 1.042802e-01
3.039028e+01 1.496614e-01
3.290887e+01 1.041767e-01
2.983085e+01 1.505754e-01
3.300865e+01 1.039872e-01
3.058633e+01 1.505608e-01
3.322712e+01 1.041022e-01
3.285001e+01 1.041795e-01
3.279654e+01 1.036388e-01
3.277917e+01 1.038312e-01
3.292751e+01 1.035970e-01
3.281440e+01 1.031827e-01
3.288286e+01 1.047196e-01
3.267051e+01 1.045943e-01
3.278629e+01 1.050355e-01
3.296559e+01 1.052337e-01
3.321821e+01 1.054701e-01
3.320375e+01 1.048129e-01
3.322792e+01 1.062313e-01
3.301185e+01 1.038471e-01
3.295581e+01 1.019605e-01
3.295813e+01 9.880735e-02
3.299631e+01 9.946696e-02
3.312471e+01 9.938512e-02
3.310340e+01 1.016843e-01
3.281880e+01 1.001076e-01
3.254700e+01 9.780053e-02
3.282946e+01 9.831858e-02
3.259699e+01 9.766847e-02
3.241172e+01 9.640637e-02
3.273898e+01 9.634562e-02
3.292725e+01 9.597672e-02
3.283333e+01 9.619624e-02
3.266514e+01 9.588814e-02
3.249920e+01 9.625977e-02
3.284043e+01 9.581243e-02
3.258060e+01 9.515227e-02
3.268950e+01 9.585726e-02
3.278337e+01 9.558964e-02
3.266213e+01 9.550394e-02
3.271624e+01 9.540702e-02
3.275026e+01 9.588968e-02
3.262302e+01 9.554642e-02
3.284174e+01 9.635265e-02
3.260912e+01 9.577006e-02
3.282411e+01 9.563048e-02
3.304142e+01 9.536310e-02
3.276249e+01 9.592194e-02
3.269842e+01 9.575784e-02
2.573446e+01 8.742567e-02
2.590225e+01 8.762423e-02
2.603862e+01 8.632116e-02
3.296924e+01 1.039460e-01
3.298314e+01 1.245158e-01
3.188468e+01 1.249839e-01
2.983505e+01 1.240991e-01
3.192160e+01 1.266440e-01
3.060583e+01 1.333206e-01
2.894768e+01 1.330031e-01
2.904637e+01 1.319224e-01
2.860709e+01 1.315464e-01
2.939013e+01 1.284815e-01
2.916560e+01 1.257441e-01
2.894901e+01 1.272962e-01
2.867585e+01 1.315099e-01
2.928111e+01 1.326125e-01
2.887085e+01 1.362484e-01
2.868835e+01 1.359937e-01
2.854902e+01 1.270762e-01
2.847244e+01 1.204950e-01
3.240684e+01 1.190195e-01
3.253971e+01 1.171194e-01
3.262701e+01 1.104852e-01
3.280200e+01 1.253432e-01
3.280235e+01 1.243994e-01
3.251277e+01 1.249770e-01
3.282337e+01 1.212003e-01
3.258275e+01 1.153008e-01
3.267359e+01 1.121567e-01
3.162455e+01 1.186791e-01
3.319009e+01 1.190109e-01
3.280650e+01 1.123396e-01
3.148286e+01 1.095857e-01
3.230062e+01 1.093147e-01
3.264531e+01 1.140102e-01
3.162088e+01 1.048358e-01
3.296988e+01 1.017873e-01
3.309271e+01 1.099176e-01
3.285063e+01 1.080531e-01
3.282066e+01 1.087444e-01
3.271322e+01 1.059141e-01
3.217686e+01 1.010963e-01
3.285641e+01 1.019561e-01
3.281462e+01 1.036934e-01
3.273366e+01 1.037787e-01
3.267085e+01 1.050739e-01
3.277043e+01 1.030731e-01
3.289155e+01 1.057042e-01
3.292886e+01 1.047289e-01
3.286514e+01 1.030922e-01
3.272713e+01 1.013358e-01
3.272692e+01 1.057620e-01
3.269832e+01 1.057018e-01
3.281417e+01 1.008104e-01
3.282953e+01 1.029230e-01
3.272829e+01 1.040566e-01
3.288861e+01 1.037005e-01
3.286087e+01 1.038862e-01
3.266495e+01 1.017622e-01
3.291034e+01 1.013342e-01
3.283659e+01 1.014348e-01
3.278808e+01 1.014924e-01
3.294917e+01 1.014542e-01
3.286527e+01 1.009143e-01
3.279308e+01 1.015841e-01
3.291050e+01 1.012941e-01
3.293984e+01 1.010881e-01
3.320273e+01 1.011676e-01
3.303566e+01 1.016156e-01
3.291743e+01 1.011279e-01
3.300492e+01 1.010658e-01
3.289252e+01 1.008377e-01
3.277287e+01 1.001108e-01
3.290543e+01 9.998059e-02
3.323049e+01 9.969336e-02
3.323252e+01 9.954854e-02
3.295516e+01 9.960179e-02
3.324717e+01 9.883105e-02
3.308154e+01 9.781386e-02
3.319379e+01 1.004756e-01
3.311803e+01 1.011196e-01
3.324277e+01 9.915477e-02
3.321437e+01 9.875600e-02
2.780465e+01 1.273126e-01
2.781550e+01 1.272648e-01
2.767729e+01 1.277030e-01
3.286358e+01 1.036612e-01
3.299634e+01 9.829979e-02
3.329302e+01 9.847167e-02
3.278895e+01 9.866294e-02
3.277913e+01 9.896311e-02
3.310508e+01 9.946247e-02
3.302777e+01 1.007361e-01
3.283641e+01 9.900411e-02
3.302348e+01 1.002345e-01
3.310303e+01 1.010183e-01
3.306749e+01 1.018448e-01
3.314827e+01 1.022368e-01
2.792826e+01 5.722087e-02
2.764623e+01 5.705832e-02
2.761412e+01 5.739346e-02
3.291248e+01 1.093092e-01
3.288460e+01 1.021881e-01
3.283042e+01 1.065964e-01
3.300933e+01 1.027662e-01
3.283328e+01 1.062109e-01
3.307840e+01 1.024029e-01
3.287279e+01 1.072268e-01
3.267480e+01 1.020108e-01
3.322437e+01 1.073980e-01
3.291434e+01 1.074380e-01
3.293217e+01 1.063086e-01
3.280195e+01 1.059531e-01
3.280057e+01 1.063864e-01
3.286784e+01 1.060676e-01
3.304313e+01 1.067683e-01
3.277734e+01 1.067030e-01
3.304738e+01 1.074116e-01
3.299713e+01 1.084707e-01
3.288082e+01 1.085406e-01
3.261770e+01 1.076813e-01
3.299049e+01 1.060859e-01
3.292925e+01 1.058095e-01
3.285269e+01 1.055175e-01
3.300723e+01 1.051548e-01
3.278992e+01 1.038319e-01
3.276936e+01 1.038983e-01
3.299142e+01 1.052063e-01
3.285619e+01 1.048816e-01
3.269038e+01 1.054481e-01
3.271378e+01 1.078095e-01
3.242992e+01 1.082166e-01
3.252532e+01 1.080539e-01
3.237250e+01 1.084565e-01
3.254406e+01 1.089047e-01
3.256511e+01 1.098188e-01
3.251589e+01 1.100418e-01
3.262350e+01 1.107076e-01
3.241982e+01 1.096358e-01
3.249651e+01 1.124141e-01
3.247216e+01 1.126022e-01
3.220689e+01 1.138833e-01
3.234883e+01 1.133039e-01
3.261640e+01 1.140450e-01
3.296386e+01 1.148153e-01
3.252158e+01 1.155673e-01
3.267077e+01 1.155401e-01
3.270909e+01 1.148303e-01
3.277592e+01 1.148072e-01
3.255818e+01 1.149796e-01
3.301894e+01 1.142631e-01
3.249868e+01 1.152893e-01
3.286126e+01 1.139744e-01
3.269348e+01 1.135648e-01
3.277349e+01 1.128130e-01
3.296939e+01 1.140062e-01
3.282194e+01 1.135255e-01
3.252421e+01 1.136830e-01
3.309474e+01 1.144353e-01
3.283175e+01 1.140800e-01
3.315844e+01 1.151298e-01
3.261063e+01 1.152822e-01
3.299748e+01 1.151987e-01
3.286133e+01 1.157226e-01
3.287159e+01 1.155862e-01
3.308309e+01 1.159979e-01
3.265706e+01 1.161151e-01
3.268638e+01 1.160859e-01
3.296235e+01 1.167905e-01
3.272002e+01 1.163381e-01
3.290903e+01 1.168597e-01
3.281748e+01 1.170816e-01
3.271288e+01 1.173483e-01
3.266656e+01 1.184886e-01
3.265414e+01 1.178471e-01
3.263959e+01 1.181523e-01
3.274099e+01 1.181696e-01
3.287964e+01 1.180330e-01
3.250104e+01 1.185371e-01
3.240955e+01 1.186275e-01
3.267945e+01 1.191540e-01
3.243526e+01 1.195304e-01
3.222188e+01 1.195783e-01
3.285378e+01 1.195299e-01
3.229230e+01 1.203126e-01
3.219625e+01 1.203367e-01
3.251069e+01 1.201724e-01
3.249085e+01 1.206001e-01
3.222500e+01 1.209584e-01
3.244623e+01 1.196219e-01
3.241686e+01 1.199370e-01
3.247697e+01 1.211377e-01
3.270220e+01 1.206465e-01
3.256275e+01 1.208570e-01
3.256349e+01 1.216948e-01
3.225568e+01 1.224927e-01
3.266566e+01 1.116851e-01
3.269060e+01 1.139150e-01
3.256957e+01 1.147181e-01
3.259448e+01 1.131267e-01
3.293915e+01 1.126910e-01
3.290590e+01 1.128284e-01
3.265758e+01 1.131728e-01
3.254252e+01 1.128667e-01
3.270462e+01 1.126180e-01
3.281422e+01 1.130278e-01
3.269046e+01 1.126676e-01
3.276099e+01 1.123944e-01
3.279158e+01 1.128367e-01
3.263971e+01 1.137947e-01
3.283013e+01 1.152927e-01
3.253020e+01 1.163441e-01
3.282312e+01 1.175707e-01
3.287621e+01 1.218620e-01
3.247291e+01 1.272665e-01
3.273396e+01 1.334322e-01
3.276100e+01 1.330481e-01
3.293486e+01 1.280984e-01
3.253497e+01 1.226701e-01
3.248537e+01 5.732658e-02
3.252368e+01 5.821462e-02
3.231510e+01 5.817764e-02
3.233899e+01 1.599787e-01
3.269605e+01 1.450302e-01
3.255742e+01 1.613791e-01
3.246914e+01 1.634414e-01
3.273768e+01 1.524731e-01
3.276505e+01 1.330894e-01
3.262435e+01 1.410371e-01
3.166317e+01 1.481774e-01
3.124003e+01 1.544233e-01
3.209827e+01 1.588534e-01
3.268455e+01 1.676784e-01
3.247661e+01 1.622417e-01
3.281096e+01 1.658863e-01
3.276783e+01 1.706702e-01
3.090965e+01 1.728320e-01
3.064871e+01 1.739825e-01
2.902869e+01 1.765716e-01
2.867544e+01 1.753417e-01
2.835626e+01 1.771582e-01
3.015185e+01 1.771547e-01
3.232026e+01 1.811462e-01
3.261965e+01 1.745152e-01
3.268971e+01 1.716194e-01
3.255930e+01 1.702527e-01
3.268892e+01 1.723424e-01
3.169585e+01 1.733060e-01
2.860233e+01 1.737138e-01
2.851396e+01 1.788650e-01
3.173318e+01 1.790169e-01
3.241529e+01 1.785482e-01
3.211697e+01 1.923255e-01
2.894799e+01 1.984186e-01
2.846242e+01 2.011675e-01
2.872057e+01 2.004188e-01
2.901225e+01 2.007381e-01
3.186324e+01 1.942257e-01
3.211073e+01 1.886547e-01
3.207986e+01 1.786117e-01
3.226498e+01 1.692863e-01
3.242947e+01 1.669678e-01
3.245880e+01 1.696440e-01
3.196299e+01 1.688549e-01
2.858179e+01 1.668962e-01
2.887536e+01 1.588069e-01
2.976819e+01 1.579646e-01
2.835854e+01 1.558362e-01
2.871972e+01 1.517206e-01
3.127356e+01 1.470518e-01
2.959076e+01 1.438485e-01
2.868006e+01 1.428182e-01
2.835364e+01 1.464839e-01
2.818928e+01 1.548346e-01
2.838772e+01 1.583606e-01
2.722831e+01 6.365485e-02
2.707061e+01 6.368074e-02
2.716590e+01 6.417278e-02
2.828746e+01 1.612039e-01
3.246620e+01 1.076928e-01
3.294543e+01 1.055515e-01
2.873576e+01 1.667185e-01
3.291233e+01 1.075279e-01
2.831121e+01 1.724568e-01
3.274411e+01 1.072481e-01
3.304742e+01 1.082397e-01
3.286495e+01 1.079202e-01
3.314055e+01 1.084899e-01
3.301687e+01 1.077492e-01
3.279930e+01 1.067799e-01
3.287227e+01 1.060640e-01
3.284226e+01 1.057841e-01
3.287196e+01 1.055242e-01
2.997279e+01 6.693190e-02
3.025459e+01 6.651932e-02
3.012632e+01 6.670378e-02
3.042776e+01 1.723207e-01
3.289064e+01 1.051192e-01
3.086837e+01 1.218740e-01
3.280586e+01 1.047022e-01
3.083541e+01 1.025146e-01
3.280657e+01 1.039006e-01
3.322082e+01 1.002688e-01
3.275234e+01 1.041134e-01
3.315376e+01 1.003518e-01
3.260618e+01 1.032195e-01
3.307560e+01 1.011324e-01
3.285838e+01 1.024389e-01
3.285641e+01 1.045307e-01
3.335864e+01 9.661802e-02
3.264814e+01 1.054592e-01
3.304406e+01 9.507081e-02
3.217540e+01 1.064410e-01
3.286758e+01 9.415596e-02
3.232699e+01 1.065162e-01
3.309636e+01 1.007337e-01
3.267771e+01 1.065117e-01
3.300539e+01 1.030107e-01
3.262402e+01 1.078151e-01
3.320363e+01 1.029756e-01
3.250442e+01 1.085498e-01
3.319553e+01 1.034222e-01
3.254831e+01 1.080661e-01
3.323970e+01 1.036727e-01
3.252664e+01 1.099572e-01
3.313899e+01 1.033891e-01
3.236498e+01 1.081099e-01
3.317918e+01 1.044408e-01
3.234288e+01 1.100537e-01
3.335674e+01 1.044192e-01
3.244456e+01 1.096527e-01
2.372031e+01 9.414140e-02
2.371376e+01 9.513680e-02
2.365855e+01 9.464756e-02
3.242164e+01 1.000312e-01
3.313595e+01 1.040892e-01
3.238107e+01 1.109370e-01
3.265630e+01 1.062134e-01
3.302303e+01 1.044527e-01
3.241703e+01 1.098910e-01
3.260074e+01 1.072912e-01
3.301889e+01 1.049833e-01
3.243293e+01 1.113490e-01
3.243754e+01 1.073206e-01
3.305769e+01 1.049000e-01
3.273397e+01 1.115506e-01
3.244952e+01 1.065328e-01
3.327999e+01 1.059951e-01
3.270622e+01 1.130185e-01
3.272820e+01 1.075019e-01
3.344674e+01 1.066777e-01
3.253650e+01 1.075713e-01
3.261479e+01 1.136092e-01
3.298821e+01 1.064275e-01
3.224402e+01 1.079393e-01
3.239185e+01 1.133375e-01
3.217705e+01 1.097682e-01
3.310809e+01 1.062222e-01
3.221556e+01 1.142586e-01
3.243612e+01 1.110808e-01
3.304728e+01 1.068152e-01
3.242835e+01 1.137772e-01
3.242241e+01 1.100729e-01
3.249419e+01 1.144698e-01
3.333499e+01 1.078642e-01
3.236384e+01 1.111232e-01
3.245224e+01 1.161228e-01
3.327718e+01 1.083481e-01
3.227929e+01 1.106024e-01
3.245969e+01 1.170267e-01
3.301707e+01 1.080573e-01
3.212099e+01 1.118777e-01
3.263870e+01 1.171961e-01
3.326412e+01 1.074295e-01
3.245976e+01 1.126533e-01
3.260319e+01 1.166051e-01
3.253405e+01 1.183448e-01
3.259220e+01 1.137445e-01
3.238463e+01 1.172817e-01
3.255942e+01 1.206118e-01
3.290135e+01 1.129745e-01
3.255153e+01 1.176510e-01
3.258187e+01 1.228309e-01
3.308230e+01 1.119734e-01
3.229835e+01 1.179797e-01
3.259123e+01 1.247110e-01
3.275098e+01 1.153152e-01
3.259714e+01 1.193508e-01
3.260286e+01 1.211505e-01
3.213342e+01 1.191767e-01
3.275371e+01 1.117318e-01
3.270774e+01 1.194260e-01
3.217501e+01 1.202909e-01
3.251273e+01 1.150405e-01
3.283299e+01 1.176330e-01
3.251369e+01 1.211341e-01
3.282374e+01 1.149643e-01
3.273303e+01 1.153724e-01
3.250589e+01 1.210638e-01
3.308859e+01 1.153091e-01
3.287361e+01 1.144634e-01
3.239141e+01 1.215696e-01
3.272133e+01 1.168384e-01
3.280704e+01 1.125757e-01
3.257825e+01 1.217543e-01
3.298994e+01 1.167296e-01
3.305139e+01 1.124317e-01
3.247353e+01 1.223239e-01
3.280354e+01 1.176150e-01
3.300447e+01 1.109224e-01
3.214514e+01 1.227010e-01
3.283488e+01 1.163706e-01
3.322744e+01 1.072476e-01
3.229271e+01 1.230361e-01
3.298516e+01 1.050974e-01
3.279290e+01 1.147136e-01
3.249704e+01 1.246050e-01
3.309415e+01 1.048025e-01
3.304440e+01 1.144450e-01
3.228479e+01 1.238330e-01
3.282963e+01 1.086409e-01
3.292232e+01 1.134761e-01
3.244342e+01 1.249586e-01
3.279240e+01 1.050166e-01
3.273965e+01 1.124381e-01
3.225483e+01 1.254314e-01
3.264337e+01 1.058793e-01
3.273893e+01 1.131281e-01
3.248999e+01 1.247454e-01
3.261074e+01 1.039079e-01
3.297787e+01 1.107013e-01
3.220894e+01 1.248741e-01
3.250156e+01 9.826298e-02
3.273115e+01 1.107966e-01
3.234748e+01 1.250598e-01
3.265303e+01 9.431730e-02
3.267797e+01 1.114791e-01
3.226364e+01 1.263592e-01
3.234981e+01 8.971159e-02
3.229396e+01 1.259716e-01
3.284664e+01 1.139757e-01
3.249134e+01 8.366696e-02
3.225150e+01 1.257197e-01
3.264864e+01 1.096086e-01
3.247549e+01 8.035071e-02
3.217788e+01 1.231950e-01
3.266351e+01 1.133011e-01
3.266816e+01 7.745660e-02
3.193582e+01 1.246783e-01
3.264256e+01 1.121037e-01
3.231217e+01 7.540342e-02
3.232928e+01 1.239213e-01
3.258502e+01 1.103629e-01
3.235273e+01 7.291101e-02
3.228868e+01 1.234657e-01
3.273751e+01 1.134428e-01
3.250451e+01 1.253291e-01
2.722918e+01 7.146781e-02
3.243064e+01 1.114211e-01
3.259488e+01 1.229941e-01
2.716915e+01 7.069612e-02
3.240432e+01 1.105723e-01
3.240453e+01 1.220879e-01
2.740919e+01 7.026231e-02
3.268350e+01 1.103993e-01
3.235842e+01 1.219943e-01
2.690796e+01 7.176467e-02
3.267190e+01 1.094224e-01
3.222793e+01 1.207168e-01
3.228786e+01 1.132122e-01
3.245387e+01 1.199684e-01
3.240961e+01 1.098644e-01
3.259914e+01 1.199157e-01
3.254617e+01 1.196032e-01
3.237095e+01 1.112543e-01
3.256527e+01 1.193066e-01
3.248972e+01 1.107930e-01
3.236765e+01 1.208406e-01
3.203119e+01 1.118112e-01
3.264845e+01 1.210109e-01
3.267825e+01 1.124493e-01
3.253042e+01 1.210866e-01
3.229249e+01 1.134511e-01
3.237154e+01 1.221441e-01
3.286587e+01 1.141036e-01
3.218085e+01 1.195755e-01
3.272239e+01 1.129815e-01
3.260794e+01 1.123065e-01
3.244854e+01 1.149759e-01
3.258979e+01 1.146214e-01
3.270574e+01 1.133753e-01
3.249820e+01 1.147528e-01
3.244115e+01 1.098166e-01
3.265841e+01 1.135438e-01
3.245567e+01 1.134814e-01
3.297653e+01 1.135371e-01
3.224295e+01 1.135061e-01
3.282947e+01 1.129486e-01
3.280829e+01 1.128795e-01
3.245026e+01 1.078857e-01
3.267953e+01 1.129132e-01
3.265705e+01 1.135977e-01
3.273474e+01 1.128258e-01
3.248719e+01 1.169263e-01
3.281838e+01 1.128567e-01
3.220811e+01 1.215702e-01
3.274304e+01 1.126997e-01
3.218196e+01 1.254352e-01
3.272023e+01 1.125601e-01
3.229977e+01 1.266729e-01
3.281990e+01 1.134111e-01
3.226958e+01 1.275969e-01
3.252116e+01 1.139471e-01
3.229798e+01 1.290787e-01
3.267563e+01 1.154529e-01
3.229291e+01 1.319821e-01
3.250603e+01 1.161470e-01
3.250116e+01 1.314900e-01
3.273598e+01 1.175434e-01
3.243960e+01 1.249799e-01
3.289772e+01 1.195090e-01
3.218269e+01 1.233810e-01
3.242231e+01 1.262622e-01
3.246108e+01 1.228288e-01
3.271152e+01 1.337668e-01
3.233626e+01 1.220641e-01
3.272853e+01 1.337284e-01
3.248995e+01 1.224477e-01
3.254462e+01 1.295862e-01
3.252329e+01 1.226649e-01
3.279672e+01 1.226637e-01
3.250119e+01 1.225425e-01
3.246697e+01 1.230092e-01
3.245186e+01 1.231765e-01
3.246067e+01 1.231694e-01
3.219936e+01 1.231699e-01
3.228073e+01 1.238963e-01
3.226112e+01 1.234690e-01
3.287950e+01 1.236190e-01
3.222465e+01 1.224291e-01
3.235916e+01 1.227726e-01
3.242905e+01 1.226378e-01
3.263988e+01 1.217250e-01
3.237408e+01 1.192189e-01
3.256584e+01 1.159698e-01
3.245888e+01 1.134886e-01
3.267049e+01 1.115416e-01
2.764175e+01 5.413193e-02
2.771708e+01 5.414566e-02
2.803881e+01 5.345555e-02
3.083790e+01 1.217466e-01
3.175946e+01 1.164853e-01
3.141377e+01 1.119146e-01
3.074471e+01 1.210102e-01
3.050713e+01 1.328377e-01
3.101158e+01 1.433290e-01
2.921497e+01 1.419598e-01
2.919943e+01 1.429521e-01
2.932200e+01 1.419611e-01
2.927973e+01 1.405891e-01
3.042714e+01 1.407611e-01
3.089208e+01 1.367749e-01
3.102648e+01 1.347112e-01
3.074893e+01 1.343230e-01
3.108715e+01 1.328939e-01
3.082058e+01 1.331518e-01
3.119404e+01 1.328566e-01
3.131540e+01 1.344833e-01
3.065824e+01 1.341494e-01
3.069507e+01 1.370330e-01
3.117504e+01 1.352511e-01
3.108588e+01 1.348759e-01
3.087363e+01 1.364345e-01
3.068870e+01 1.365818e-01
3.124557e+01 1.385940e-01
3.053541e+01 1.388848e-01
3.060451e+01 1.407677e-01
3.267831e+01 1.402952e-01
3.270892e+01 1.422082e-01
3.267942e+01 1.438129e-01
3.268366e+01 1.406937e-01
3.235977e+01 1.457379e-01
3.067123e+01 1.457602e-01
3.076569e+01 1.463953e-01
3.059573e+01 1.456708e-01
2.898740e+01 1.465193e-01
2.932696e+01 1.477497e-01
2.946790e+01 1.463057e-01
2.930800e+01 1.467565e-01
2.953526e+01 1.453652e-01
2.950588e+01 1.475240e-01
2.920611e+01 1.459393e-01
2.943182e+01 1.460168e-01
2.864923e+01 6.994990e-02
2.871834e+01 6.924080e-02
2.848970e+01 6.907642e-02
3.126523e+01 1.264453e-01
3.152012e+01 1.141614e-01
3.136248e+01 1.274185e-01
3.076191e+01 1.293194e-01
3.051238e+01 1.338976e-01
3.018878e+01 1.457266e-01
3.053524e+01 1.463428e-01
3.120390e+01 1.369375e-01
3.143609e+01 1.450381e-01
3.018212e+01 1.155564e-01
3.235248e+01 9.854353e-02
3.245292e+01 8.629354e-02
3.259132e+01 1.037549e-01
3.244946e+01 1.253328e-01
3.230155e+01 1.134818e-01
2.995709e+01 1.176350e-01
3.009495e+01 1.230375e-01
3.002105e+01 1.243702e-01
3.035680e+01 1.192998e-01
3.052085e+01 1.185604e-01
3.090502e+01 1.167354e-01
3.041015e+01 1.181185e-01
3.025600e+01 1.204782e-01
2.983479e+01 1.274240e-01
3.017794e+01 1.277750e-01
3.043375e+01 1.292759e-01
3.058176e+01 1.291826e-01
3.056325e+01 1.293961e-01
3.024273e+01 1.296920e-01
3.009668e+01 1.296741e-01
3.001062e+01 1.297994e-01
2.987147e+01 1.301347e-01
2.973385e+01 1.307100e-01
2.943470e+01 1.312843e-01
2.952815e+01 1.315550e-01
3.278528e+01 1.318214e-01
3.275075e+01 1.307064e-01
3.300787e+01 1.287358e-01
3.299411e+01 1.332294e-01
3.169225e+01 1.477943e-01
3.169879e+01 1.476271e-01
3.169346e+01 1.479905e-01
3.266062e+01 1.386437e-01
3.247681e+01 1.137745e-01
3.261678e+01 1.147342e-01
3.289388e+01 1.490058e-01
3.263297e+01 1.147834e-01
3.255146e+01 1.566948e-01
3.248517e+01 1.226465e-01
3.264423e+01 1.586482e-01
3.262783e+01 1.308464e-01
3.244470e+01 1.639336e-01
3.258651e+01 1.331173e-01
2.962718e+01 1.626373e-01
3.065334e+01 1.466659e-01
2.947825e+01 1.445150e-01
3.054093e+01 1.294820e-01
2.962473e+01 1.368103e-01
3.098610e+01 1.297929e-01
2.999290e+01 1.373176e-01
3.262091e+01 1.290189e-01
2.948752e+01 1.386852e-01
3.213042e+01 1.093599e-01
2.954717e+01 1.396042e-01
2.970534e+01 1.449853e-01
3.237852e+01 9.273602e-02
2.966854e+01 1.426677e-01
3.230671e+01 8.912593e-02
3.197369e+01 1.366775e-01
3.227875e+01 1.113700e-01
3.255305e+01 1.233713e-01
3.270321e+01 1.214179e-01
3.246101e+01 1.155130e-01
3.243197e+01 1.155586e-01
3.287014e+01 1.162279e-01
3.271546e+01 1.186342e-01
3.299527e+01 1.210368e-01
3.285248e+01 1.232809e-01
3.284047e+01 1.297532e-01
3.288778e+01 1.315566e-01
3.270179e+01 1.368388e-01
3.299035e+01 1.386341e-01
3.174669e+01 1.360865e-01
3.008334e+01 1.288748e-01
3.185020e+01 1.236816e-01
3.098599e+01 1.237554e-01
3.273594e+01 1.317547e-01
3.301734e+01 1.576713e-01
3.245958e+01 6.634114e-02
3.240944e+01 6.595951e-02
3.252183e+01 6.575466e-02
3.237746e+01 1.390707e-01
3.251647e+01 1.238684e-01
3.215417e+01 1.301010e-01
3.204338e+01 1.275590e-01
3.259761e+01 1.291068e-01
3.270108e+01 1.325566e-01
3.273706e+01 1.317137e-01
3.252504e+01 1.423210e-01
3.075809e+01 1.396046e-01
3.058974e+01 1.490486e-01
3.064466e+01 1.445154e-01
3.004657e+01 1.477643e-01
3.074475e+01 1.389926e-01
3.199920e+01 1.411805e-01
3.227425e+01 1.394533e-01
3.243668e+01 1.284223e-01
3.229477e+01 1.122166e-01
3.233090e+01 1.040251e-01
3.245192e+01 9.017775e-02
3.270582e+01 9.254168e-02
3.296418e+01 1.028520e-01
3.297456e+01 1.155363e-01
3.284583e+01 1.124599e-01
3.265993e+01 1.127706e-01
3.258280e+01 1.093126e-01
3.288003e+01 1.046214e-01
3.263170e+01 1.041235e-01
3.258444e+01 1.002038e-01
3.291672e+01 1.003750e-01
3.280519e+01 1.002455e-01
3.282991e+01 1.029049e-01
3.269014e+01 1.083422e-01
3.261474e+01 1.142407e-01
3.260444e+01 1.263872e-01
3.246400e+01 1.351590e-01
3.266482e+01 1.388222e-01
3.241315e+01 1.386001e-01
3.275961e+01 1.362572e-01
3.240400e+01 1.335062e-01
3.249976e+01 1.352815e-01
3.260331e+01 1.417879e-01
3.234504e+01 1.480345e-01
3.259671e+01 1.561436e-01
3.244305e+01 1.656966e-01
3.263106e+01 1.655872e-01
3.246080e+01 1.602309e-01
3.250524e+01 1.555974e-01
2.944040e+01 1.572277e-01
2.921564e+01 1.727408e-01
2.910200e+01 1.871744e-01
3.264402e+01 1.900070e-01
3.269707e+01 1.903474e-01
2.463646e+01 2.249653e-01
2.454877e+01 2.270194e-01
2.457710e+01 2.273907e-01
2.967921e+01 1.958895e-01
3.097521e+01 1.730909e-01
3.108404e+01 1.762646e-01
3.073111e+01 1.688145e-01
3.042433e+01 1.643790e-01
3.018575e+01 1.732373e-01
3.084943e+01 1.649518e-01
3.079750e+01 1.554784e-01
3.048564e+01 1.676965e-01
3.095350e+01 1.789461e-01
3.074027e+01 1.690110e-01
3.086046e+01 1.636797e-01
3.247246e+01 1.670011e-01
3.226475e+01 1.683857e-01
3.246755e+01 1.703423e-01
3.224698e+01 1.724252e-01
2.911542e+01 1.711485e-01
3.116239e+01 1.596954e-01
3.075100e+01 1.524290e-01
3.085290e+01 1.546324e-01
3.154944e+01 1.525765e-01
3.041887e+01 1.494460e-01
3.116396e+01 1.560620e-01
3.049393e+01 1.670887e-01
3.116147e+01 1.619327e-01
2.864210e+01 1.592743e-01
2.840111e+01 1.639704e-01
2.798068e+01 1.593396e-01
2.818736e+01 1.583812e-01
2.739414e+01 1.532709e-01
2.756412e+01 1.334242e-01
2.812774e+01 1.217484e-01
3.205068e+01 1.252357e-01
3.200145e+01 1.203552e-01
3.250719e+01 1.205249e-01
3.223837e+01 1.265289e-01
3.218401e+01 1.299260e-01
3.187577e+01 1.303834e-01
2.882511e+01 1.302919e-01
2.926034e+01 9.958060e-02
2.913277e+01 9.961158e-02
2.917633e+01 9.936685e-02
3.130842e+01 9.202560e-02
3.110133e+01 1.244554e-01
2.881298e+01 1.312032e-01
3.080429e+01 1.261769e-01
2.854946e+01 1.341787e-01
3.074532e+01 1.277943e-01
3.116719e+01 1.306399e-01
2.856514e+01 1.354213e-01
3.080861e+01 1.361540e-01
3.016010e+01 1.426473e-01
2.814437e+01 1.398653e-01
3.008389e+01 1.496430e-01
2.833302e+01 1.449294e-01
3.015152e+01 1.508587e-01
2.841151e+01 1.495348e-01
2.977889e+01 1.506350e-01
2.995462e+01 1.477101e-01
2.978797e+01 1.449975e-01
3.012701e+01 1.425142e-01
2.976282e+01 1.409496e-01
2.969766e+01 1.420796e-01
2.968480e+01 1.457813e-01
2.957244e+01 1.490062e-01
2.751432e+01 1.250954e-01
2.743608e+01 1.249883e-01
2.737455e+01 1.252561e-01
2.911065e+01 1.800730e-01
2.988829e+01 1.601237e-01
3.053385e+01 1.623347e-01
2.991024e+01 1.669509e-01
3.065833e+01 1.389381e-01
3.083117e+01 1.366212e-01
3.125345e+01 1.305766e-01
3.093203e+01 1.221267e-01
3.078254e+01 1.297784e-01
3.058201e+01 1.329115e-01
3.131807e+01 1.394134e-01
3.075183e+01 1.378478e-01
3.070498e+01 1.373092e-01
3.038923e+01 1.381785e-01
3.109980e+01 1.351511e-01
3.096239e+01 1.458941e-01
2.992192e+01 1.390509e-01
2.989597e+01 1.457300e-01
2.906825e+01 1.530195e-01
3.067723e+01 1.518937e-01
3.252761e+01 4.138705e-02
3.265615e+01 4.127042e-02
3.253868e+01 4.086876e-02
3.237042e+01 1.176678e-01
2.936191e+01 1.461169e-01
3.269510e+01 1.096491e-01
2.929802e+01 1.364140e-01
3.187777e+01 9.119300e-02
3.264400e+01 1.479463e-01
3.202975e+01 9.621124e-02
3.263937e+01 1.406098e-01
3.222302e+01 1.182032e-01
3.221370e+01 1.261822e-01
3.242563e+01 1.171055e-01
3.230829e+01 1.180734e-01
3.248070e+01 1.082372e-01
3.250565e+01 1.134055e-01
3.233062e+01 1.015341e-01
3.275894e+01 1.130488e-01
3.235556e+01 9.711884e-02
3.267469e+01 1.122279e-01
3.201974e+01 9.624211e-02
3.262083e+01 1.118682e-01
3.280727e+01 1.145833e-01
3.211355e+01 9.646445e-02
3.261740e+01 1.200114e-01
3.233610e+01 9.632391e-02
3.225068e+01 1.161961e-01
3.248741e+01 9.501916e-02
2.575017e+01 1.014813e-01
2.546045e+01 1.011219e-01
2.563456e+01 1.021775e-01
3.108822e+01 1.552495e-01
3.241332e+01 1.210958e-01
3.252208e+01 9.458167e-02
3.127918e+01 1.485738e-01
3.231231e+01 9.522770e-02
3.197887e+01 1.197225e-01
3.153907e+01 1.610613e-01
3.224385e+01 9.985474e-02
3.205475e+01 1.162293e-01
3.117111e+01 1.633383e-01
3.237293e+01 1.099413e-01
3.165338e+01 1.581513e-01
3.180194e+01 1.111308e-01
3.113769e+01 1.459602e-01
3.276134e+01 1.154728e-01
3.180694e+01 1.065438e-01
3.268958e+01 1.344371e-01
3.244919e+01 1.198054e-01
3.258400e+01 9.651576e-02
3.249651e+01 1.363290e-01
3.249578e+01 1.189746e-01
3.261115e+01 9.821147e-02
3.231527e+01 1.428535e-01
3.233366e+01 1.228454e-01
3.277674e+01 1.488640e-01
3.245601e+01 1.053971e-01
3.201272e+01 1.228806e-01
3.288090e+01 1.030133e-01
3.274041e+01 1.478976e-01
3.206494e+01 1.242979e-01
3.262789e+01 1.487530e-01
3.269117e+01 9.714016e-02
3.210947e+01 1.265003e-01
3.260830e+01 1.481616e-01
3.279561e+01 9.433436e-02
3.187113e+01 1.305069e-01
3.289390e+01 1.448370e-01
3.276942e+01 9.569326e-02
3.198311e+01 1.326114e-01
3.321463e+01 1.005192e-01
3.246284e+01 1.442278e-01
3.170095e+01 1.379544e-01
3.340120e+01 9.802662e-02
3.141873e+01 1.435343e-01
3.181318e+01 1.406363e-01
3.307638e+01 9.523177e-02
3.149557e+01 1.433160e-01
3.323980e+01 1.050345e-01
3.180832e+01 1.423284e-01
3.299303e+01 1.051292e-01
3.229381e+01 1.432267e-01
3.183378e+01 1.412538e-01
3.289266e+01 1.027218e-01
3.176994e+01 1.391973e-01
3.284826e+01 1.417063e-01
3.286404e+01 1.003265e-01
3.181467e+01 1.390157e-01
3.256023e+01 1.409344e-01
3.287548e+01 9.888279e-02
3.301062e+01 9.888872e-02
3.200031e+01 1.391283e-01
3.269156e+01 1.426333e-01
3.286312e+01 1.030931e-01
2.968292e+01 1.374754e-01
3.280024e+01 1.373449e-01
3.287243e+01 1.039403e-01
2.917634e+01 1.366404e-01
3.111560e+01 1.414617e-01
3.306394e+01 1.043433e-01
2.915780e+01 1.367769e-01
3.102964e+01 1.427803e-01
3.286666e+01 1.053405e-01
3.003881e+01 1.530157e-01
2.886866e+01 1.365978e-01
3.294130e+01 1.055802e-01
3.017696e+01 1.468282e-01
2.915461e+01 1.356927e-01
3.293727e+01 1.065079e-01
2.999651e+01 1.461902e-01
2.952070e+01 1.364907e-01
3.314226e+01 1.054245e-01
2.992711e+01 1.461688e-01
2.960791e+01 1.364883e-01
3.291394e+01 1.061968e-01
3.256920e+01 1.549770e-01
2.974144e+01 1.362092e-01
3.312375e+01 1.061523e-01
3.276661e+01 1.564121e-01
2.965129e+01 1.355376e-01
3.300867e+01 1.063130e-01
3.024886e+01 1.529510e-01
2.953463e+01 1.384333e-01
3.301321e+01 1.072217e-01
2.950013e+01 1.499499e-01
2.966407e+01 1.425317e-01
3.296316e+01 1.062342e-01
2.994514e+01 1.495702e-01
2.964782e+01 1.467972e-01
3.312479e+01 1.054591e-01
2.955367e+01 1.496942e-01
2.954424e+01 1.502541e-01
3.307060e+01 1.052581e-01
2.984782e+01 1.501465e-01
2.961977e+01 1.533838e-01
3.326198e+01 1.070112e-01
2.935802e+01 1.561912e-01
2.953290e+01 1.590697e-01
3.305699e+01 1.077144e-01
2.992032e+01 1.489894e-01
3.305170e+01 1.092183e-01
2.942547e+01 1.630662e-01
2.939969e+01 1.537578e-01
3.309666e+01 1.064712e-01
2.990018e+01 1.632802e-01
3.022054e+01 1.684526e-01
2.978889e+01 1.645623e-01
3.299884e+01 1.058821e-01
2.936486e+01 1.579050e-01
2.928143e+01 1.583570e-01
3.326486e+01 1.061584e-01
2.941406e+01 1.566470e-01
2.925299e+01 1.581573e-01
3.324623e+01 1.044290e-01
2.916411e+01 1.580447e-01
3.309343e+01 1.038316e-01
2.930747e+01 1.584720e-01
2.921109e+01 1.582973e-01
3.310459e+01 1.043101e-01
2.950234e+01 1.515839e-01
2.866132e+01 1.600291e-01
3.304779e+01 1.044205e-01
2.971761e+01 1.573997e-01
2.841542e+01 1.679504e-01
3.293570e+01 1.047288e-01
2.952821e+01 1.613168e-01
3.326396e+01 1.042880e-01
2.938719e+01 1.617065e-01
3.342996e+01 1.035722e-01
2.927552e+01 1.694371e-01
3.285999e+01 1.031579e-01
2.943308e+01 1.682518e-01
3.301307e+01 1.020069e-01
2.920399e+01 1.666349e-01
3.317864e+01 1.028493e-01
2.915756e+01 1.680648e-01
3.326705e+01 1.037073e-01
3.316707e+01 1.022643e-01
2.985784e+01 1.729682e-01
3.322267e+01 1.025400e-01
2.964168e+01 1.638128e-01
2.929085e+01 1.637988e-01
3.317328e+01 1.022152e-01
3.290597e+01 1.018237e-01
2.946333e+01 1.633761e-01
3.304078e+01 1.007051e-01
3.253984e+01 1.643500e-01
3.305419e+01 1.010114e-01
3.251852e+01 1.640842e-01
3.315575e+01 9.937085e-02
3.265591e+01 1.624325e-01
3.310778e+01 1.001641e-01
3.222033e+01 1.635370e-01
3.309238e+01 9.876575e-02
2.913231e+01 1.637895e-01
3.309937e+01 9.980298e-02
2.984330e+01 1.631338e-01
3.315690e+01 9.963947e-02
3.247140e+01 1.644776e-01
3.292354e+01 9.934129e-02
3.261629e+01 1.660194e-01
3.293304e+01 1.000243e-01
2.956360e+01 1.672520e-01
3.286870e+01 9.992266e-02
2.974446e+01 1.664284e-01
3.298007e+01 9.952468e-02
3.243657e+01 1.667912e-01
3.305725e+01 9.978096e-02
3.241351e+01 1.678226e-01
3.300440e+01 9.972234e-02
2.935177e+01 1.667429e-01
3.308886e+01 1.001754e-01
2.939593e+01 1.679870e-01
3.299202e+01 1.000012e-01
3.258862e+01 1.685151e-01
3.296581e+01 1.007806e-01
3.282024e+01 1.695621e-01
3.293407e+01 1.017565e-01
3.249239e+01 1.694265e-01
3.301675e+01 1.016424e-01
3.103236e+01 1.710476e-01
3.296279e+01 1.026150e-01
2.999093e+01 1.694475e-01
3.302001e+01 1.025089e-01
3.251540e+01 1.696941e-01
3.312717e+01 1.036238e-01
3.253270e+01 1.711852e-01
3.300259e+01 1.051343e-01
3.274595e+01 1.718511e-01
3.316092e+01 1.034498e-01
2.929079e+01 1.728129e-01
3.296641e+01 1.034358e-01
3.271295e+01 1.721355e-01
3.318971e+01 1.026181e-01
3.263910e+01 1.714086e-01
3.291389e+01 1.018095e-01
2.937168e+01 1.719981e-01
3.312432e+01 1.012421e-01
2.923709e+01 1.738398e-01
3.005880e+01 1.725183e-01
3.275759e+01 1.089277e-01
2.952492e+01 1.723080e-01
3.325211e+01 1.096953e-01
3.294287e+01 1.045974e-01
3.305254e+01 9.985645e-02
3.328368e+01 9.845736e-02
3.301056e+01 1.016027e-01
3.309270e+01 1.059783e-01
2.666821e+01 1.356919e-01
2.663084e+01 1.353749e-01
2.625179e+01 1.370039e-01
3.280486e+01 1.025129e-01
3.273039e+01 1.145366e-01
3.330835e+01 1.020356e-01
3.298379e+01 1.119832e-01
3.300468e+01 1.220611e-01
3.312140e+01 1.124389e-01
3.327595e+01 1.181256e-01
3.276444e+01 1.108423e-01
3.297076e+01 1.110271e-01
3.281104e+01 1.166027e-01
3.256958e+01 1.133233e-01
3.300921e+01 1.201016e-01
3.301406e+01 1.113069e-01
3.290452e+01 1.132123e-01
3.294730e+01 1.120039e-01
3.299805e+01 1.117913e-01
3.297663e+01 1.111048e-01
3.265377e+01 1.108765e-01
3.289794e+01 1.110685e-01
3.244913e+01 1.103443e-01
3.281582e+01 1.108223e-01
3.303853e+01 1.103879e-01
3.277278e+01 1.114419e-01
3.298600e+01 1.139768e-01
3.260324e+01 1.157926e-01
3.272758e+01 1.170584e-01
3.262642e+01 1.216988e-01
3.296844e+01 1.287754e-01
3.285309e+01 1.320245e-01
3.285178e+01 1.362649e-01
3.274608e+01 1.391159e-01
3.302159e+01 1.396164e-01
3.261679e+01 1.411332e-01
3.285613e+01 1.391261e-01
3.262445e+01 1.394812e-01
3.288274e+01 1.384257e-01
3.275738e+01 1.368756e-01
3.281834e+01 1.317979e-01
3.284811e+01 1.288957e-01
3.321785e+01 1.262210e-01
3.309087e+01 1.249944e-01
3.271727e+01 1.262509e-01
3.260153e+01 1.271972e-01
3.241215e+01 1.278957e-01
3.223307e+01 1.289681e-01
3.217567e+01 1.302082e-01
3.232080e+01 1.308433e-01
3.201381e+01 1.310501e-01
3.222842e+01 1.329927e-01
3.220212e+01 1.327097e-01
3.238113e+01 1.327523e-01
3.233344e+01 1.328448e-01
3.245736e+01 1.327432e-01
3.232806e+01 1.330867e-01
3.204124e+01 1.334979e-01
3.246240e+01 1.319191e-01
3.248774e+01 1.304400e-01
3.234084e+01 1.289985e-01
3.256043e+01 1.250796e-01
2.702014e+01 1.102358e-01
2.709581e+01 1.101919e-01
2.707100e+01 1.101758e-01
3.258865e+01 1.081057e-01
3.280959e+01 1.145174e-01
3.264213e+01 1.150716e-01
3.284908e+01 1.148395e-01
3.284150e+01 1.160197e-01
3.274579e+01 1.164855e-01
3.266591e+01 1.162029e-01
3.303973e+01 1.158247e-01
3.255279e+01 1.150876e-01
3.281994e+01 1.164956e-01
3.279242e+01 1.167405e-01
3.289447e+01 1.157815e-01
3.300806e+01 1.168988e-01
3.281430e+01 1.161016e-01
3.253011e+01 1.165335e-01
3.287211e+01 1.176523e-01
3.283339e+01 1.174065e-01
3.269893e+01 1.167637e-01
3.276859e+01 1.169852e-01
3.289523e+01 1.179835e-01
3.280213e+01 1.188053e-01
3.265576e+01 1.184125e-01
3.294011e+01 1.192298e-01
3.277999e+01 1.183183e-01
3.259420e+01 1.183568e-01
3.281867e+01 1.168045e-01
3.263443e+01 1.174458e-01
3.278201e+01 1.191646e-01
3.283771e+01 1.190546e-01
3.307178e+01 1.184096e-01
3.286487e+01 1.193443e-01
3.288507e+01 1.176850e-01
3.268474e+01 1.187509e-01
3.264514e+01 1.187005e-01
3.274900e+01 1.181852e-01
3.285439e+01 1.174350e-01
3.274296e+01 1.174532e-01
3.293749e+01 1.166158e-01
3.255886e+01 1.162862e-01
3.286791e+01 1.083677e-01
3.319760e+01 1.095099e-01
3.289148e+01 1.124677e-01
3.254138e+01 1.181821e-01
3.283930e+01 1.230354e-01
3.301621e+01 1.243822e-01
2.599038e+01 1.153497e-01
2.594862e+01 1.154016e-01
2.599516e+01 1.155562e-01
3.261975e+01 1.197595e-01
3.054159e+01 7.247288e-02
3.060673e+01 7.663977e-02
3.256053e+01 1.161606e-01
3.208239e+01 1.144112e-01
3.261489e+01 8.404057e-02
3.234874e+01 1.244124e-01
3.222269e+01 8.434548e-02
3.251658e+01 1.247842e-01
3.243071e+01 8.446200e-02
3.250630e+01 1.236538e-01
3.252013e+01 1.230692e-01
3.201591e+01 8.765665e-02
3.274990e+01 1.224089e-01
3.172409e+01 9.380042e-02
3.256204e+01 1.223114e-01
3.136042e+01 1.030149e-01
3.261762e+01 1.251484e-01
3.176983e+01 1.054285e-01
3.254936e+01 1.252058e-01
3.246981e+01 1.250972e-01
3.029904e+01 1.101029e-01
3.281767e+01 1.258172e-01
3.217037e+01 1.122286e-01
3.251093e+01 1.262583e-01
3.234853e+01 1.262841e-01
3.255287e+01 1.104721e-01
3.247615e+01 1.270985e-01
3.240483e+01 1.115664e-01
3.268710e+01 1.277931e-01
3.290940e+01 1.130639e-01
3.261734e+01 1.267406e-01
3.269348e+01 1.264686e-01
3.259178e+01 1.139029e-01
3.262616e+01 1.255354e-01
3.262428e+01 1.135047e-01
3.256148e+01 1.227458e-01
3.263852e+01 1.180053e-01
3.264122e+01 1.228348e-01
3.264015e+01 1.191219e-01
3.238484e+01 1.192188e-01
3.256732e+01 5.500216e-02
3.252487e+01 5.489173e-02
3.255834e+01 5.452410e-02
3.289503e+01 9.843479e-02
3.254458e+01 1.211626e-01
3.255852e+01 1.054156e-01
3.329740e+01 9.007921e-02
3.274077e+01 1.227639e-01
3.235994e+01 9.721473e-02
3.316797e+01 8.988808e-02
3.306388e+01 9.074004e-02
3.256330e+01 1.232020e-01
3.236904e+01 9.472857e-02
3.295355e+01 9.193656e-02
3.249897e+01 9.160735e-02
3.253114e+01 1.237879e-01
3.298729e+01 9.090697e-02
3.233038e+01 9.182787e-02
3.245620e+01 1.208450e-01
3.271402e+01 9.203387e-02
3.234958e+01 9.701026e-02
3.303107e+01 9.251179e-02
3.270395e+01 1.101577e-01
3.319351e+01 9.343645e-02
3.236217e+01 1.000938e-01
3.253212e+01 1.026729e-01
3.302036e+01 9.361950e-02
3.238982e+01 9.558617e-02
3.299830e+01 9.438352e-02
3.235365e+01 9.447278e-02
3.304401e+01 9.552733e-02
3.298811e+01 9.534594e-02
3.242552e+01 9.717299e-02
3.314122e+01 9.530034e-02
2.940976e+01 9.931403e-02
3.284073e+01 9.578407e-02
2.962968e+01 1.067634e-01
3.289057e+01 9.664308e-02
3.303716e+01 9.747884e-02
3.044962e+01 1.182432e-01
3.317409e+01 9.814623e-02
3.141451e+01 1.273078e-01
3.311739e+01 9.852470e-02
3.122171e+01 1.364967e-01
3.292078e+01 1.000481e-01
3.124763e+01 1.435197e-01
3.313084e+01 1.008717e-01
3.145245e+01 1.378497e-01
3.256697e+01 1.012457e-01
3.321293e+01 1.021602e-01
3.050847e+01 1.394863e-01
3.284114e+01 1.035479e-01
3.040559e+01 1.380886e-01
3.283891e+01 1.030432e-01
3.032653e+01 1.373636e-01
3.297678e+01 1.037592e-01
3.031772e+01 1.387148e-01
3.304724e+01 1.046053e-01
3.083898e+01 1.442548e-01
3.297787e+01 1.051679e-01
3.281364e+01 1.060495e-01
3.038244e+01 1.457112e-01
3.285713e+01 1.062118e-01
3.007713e+01 1.468422e-01
3.292434e+01 1.059769e-01
3.042219e+01 1.451252e-01
3.313977e+01 1.071356e-01
3.072133e+01 1.461852e-01
3.294347e+01 1.077700e-01
3.048947e+01 1.453392e-01
3.303481e+01 1.090893e-01
3.142001e+01 1.458776e-01
3.278387e+01 1.098825e-01
3.198463e+01 1.454010e-01
3.275566e+01 1.093077e-01
3.297057e+01 1.106825e-01
3.236829e+01 1.456597e-01
3.287544e+01 1.111428e-01
3.266205e+01 1.452806e-01
3.259278e+01 1.112950e-01
3.254348e+01 1.446452e-01
3.279211e+01 1.125397e-01
3.247172e+01 1.446920e-01
3.304381e+01 1.126562e-01
3.254208e+01 1.449204e-01
3.278095e+01 1.118016e-01
3.087947e+01 1.447832e-01
3.295001e+01 1.123827e-01
3.074980e+01 1.445191e-01
3.319238e+01 1.119686e-01
3.062509e+01 1.453414e-01
3.301996e+01 1.128659e-01
3.290325e+01 1.123263e-01
2.946405e+01 1.533208e-01
3.278691e+01 1.116552e-01
2.931475e+01 1.540379e-01
2.893055e+01 1.540819e-01
3.280620e+01 1.111157e-01
2.965951e+01 1.644286e-01
3.291804e+01 1.127302e-01
2.914171e+01 1.555286e-01
3.298544e+01 1.128691e-01
2.909532e+01 1.569159e-01
3.295512e+01 1.130611e-01
2.945871e+01 1.573470e-01
3.305132e+01 1.125716e-01
2.946750e+01 1.585687e-01
3.281773e+01 1.120724e-01
3.258351e+01 1.593940e-01
3.305670e+01 1.115875e-01
3.312568e+01 1.619608e-01
3.300416e+01 1.125390e-01
3.297848e+01 1.638278e-01
3.307228e+01 1.117134e-01
3.274298e+01 1.647478e-01
3.303614e+01 1.111900e-01
3.219678e+01 1.634875e-01
3.297639e+01 1.112086e-01
3.276270e+01 1.645332e-01
3.306100e+01 1.117004e-01
3.272534e+01 1.667051e-01
3.279524e+01 1.117226e-01
3.295720e+01 1.120284e-01
3.287536e+01 1.674611e-01
3.299699e+01 1.118816e-01
3.181875e+01 1.671251e-01
3.288794e+01 1.125073e-01
3.074487e+01 1.684454e-01
3.288842e+01 1.128421e-01
3.068831e+01 1.713439e-01
3.271666e+01 1.131052e-01
3.085378e+01 1.705287e-01
3.307137e+01 1.126073e-01
3.020704e+01 1.691220e-01
3.290741e+01 1.129635e-01
2.948134e+01 1.711261e-01
3.287004e+01 1.130255e-01
2.985055e+01 1.708298e-01
3.249079e+01 1.130535e-01
2.960204e+01 1.710323e-01
3.265612e+01 1.124580e-01
2.924250e+01 1.715057e-01
3.278654e+01 1.127900e-01
2.939086e+01 1.712968e-01
3.296675e+01 1.137537e-01
2.946589e+01 1.714357e-01
3.291319e+01 1.124810e-01
2.946088e+01 1.706377e-01
3.281547e+01 1.137314e-01
2.920668e+01 1.721898e-01
3.278362e+01 1.135355e-01
2.910582e+01 1.720004e-01
3.302664e+01 1.126990e-01
2.959574e+01 1.725975e-01
3.272389e+01 1.132605e-01
2.931794e+01 1.734197e-01
3.284507e+01 1.132839e-01
2.946645e+01 1.739500e-01
3.281405e+01 1.137900e-01
2.953724e+01 1.739589e-01
3.263778e+01 1.135083e-01
2.953980e+01 1.743230e-01
3.288546e+01 1.139897e-01
2.946210e+01 1.755060e-01
3.271458e+01 1.138493e-01
3.261729e+01 1.140475e-01
2.943319e+01 1.735297e-01
3.287219e+01 1.149201e-01
3.257933e+01 1.745019e-01
3.302276e+01 1.141877e-01
3.264736e+01 1.778004e-01
3.294625e+01 1.145250e-01
3.255580e+01 1.760927e-01
3.279623e+01 1.149639e-01
2.951669e+01 1.767678e-01
3.287849e+01 1.149277e-01
2.939382e+01 1.761225e-01
3.258449e+01 1.152652e-01
2.947269e+01 1.760357e-01
3.299741e+01 1.148494e-01
2.964245e+01 1.752970e-01
3.284287e+01 1.157848e-01
2.936753e+01 1.740606e-01
3.278494e+01 1.161347e-01
2.949865e+01 1.735914e-01
3.277067e+01 1.165541e-01
2.943694e+01 1.726053e-01
3.274409e+01 1.169395e-01
2.932572e+01 1.716367e-01
3.301648e+01 1.168080e-01
2.941446e+01 1.700138e-01
3.282621e+01 1.165340e-01
2.934582e+01 1.691953e-01
3.283290e+01 1.166799e-01
2.942709e+01 1.675560e-01
3.285369e+01 1.163285e-01
2.952101e+01 1.683919e-01
3.304958e+01 1.151472e-01
2.942669e+01 1.674654e-01
3.288929e+01 1.135380e-01
3.293101e+01 1.120848e-01
2.920589e+01 1.673734e-01
3.293545e+01 1.137187e-01
3.301581e+01 1.096100e-01
3.300177e+01 1.021617e-01
3.312767e+01 9.965822e-02
3.319702e+01 1.004251e-01
3.315073e+01 9.869421e-02
3.287314e+01 1.044880e-01
3.323155e+01 1.039618e-01
3.312254e+01 1.029106e-01
3.295234e+01 1.215417e-01
3.314529e+01 1.145681e-01
3.281273e+01 1.163593e-01
3.292135e+01 1.193671e-01
3.260948e+01 1.228280e-01
3.285400e+01 1.382228e-01
3.274210e+01 1.462355e-01
3.286194e+01 1.361684e-01
3.291950e+01 1.244925e-01
3.288366e+01 1.205697e-01
3.267117e+01 1.306191e-01
3.203953e+01 1.277070e-01
3.212364e+01 1.114304e-01
3.265614e+01 1.222515e-01
3.233811e+01 1.397735e-01
3.272037e+01 1.449074e-01
3.278345e+01 1.661070e-01
2.963783e+01 1.636691e-01
2.881734e+01 1.734117e-01
3.276137e+01 1.962002e-01
3.200564e+01 7.302060e-02
3.208192e+01 7.343958e-02
3.197716e+01 7.292302e-02
3.216005e+01 8.473089e-02
3.246846e+01 1.111555e-01
3.246860e+01 1.105285e-01
3.228897e+01 1.095102e-01
3.245087e+01 1.123941e-01
3.228917e+01 1.105697e-01
3.208016e+01 1.136772e-01
3.246047e+01 1.136254e-01
3.250409e+01 1.147672e-01
3.301610e+01 1.130415e-01
3.316947e+01 1.116683e-01
3.298411e+01 1.094996e-01
3.270126e+01 1.081581e-01
3.289229e+01 1.090088e-01
3.271377e+01 1.114265e-01
3.297358e+01 1.126561e-01
3.279737e+01 1.119928e-01
3.305019e+01 1.131703e-01
3.312480e+01 1.135422e-01
3.299573e+01 1.121522e-01
3.287708e+01 1.129262e-01
3.273202e+01 1.113285e-01
3.314544e+01 1.159060e-01
3.288648e+01 1.151913e-01
3.289079e+01 1.164864e-01
3.302317e+01 1.111430e-01
3.296041e+01 1.128109e-01
3.278917e+01 1.109315e-01
3.281469e+01 1.106171e-01
3.277079e+01 1.094497e-01
3.275135e+01 1.082706e-01
3.277971e+01 1.139536e-01
3.300492e+01 1.093854e-01
3.314128e+01 1.111580e-01
3.294627e+01 1.101604e-01
3.287159e+01 1.072578e-01
3.270347e+01 1.061704e-01
3.279843e+01 1.031489e-01
3.285484e+01 1.026779e-01
3.286887e+01 1.082131e-01
3.292736e+01 1.041200e-01
3.289288e+01 1.056281e-01
3.283876e+01 1.047529e-01
3.295582e+01 1.052172e-01
3.282146e+01 1.039258e-01
3.279658e+01 1.023467e-01
3.304722e+01 1.029289e-01
3.288485e+01 1.000659e-01
3.277993e+01 1.013826e-01
3.282470e+01 9.834360e-02
3.291980e+01 1.007725e-01
3.266656e+01 1.048505e-01
3.295173e+01 1.115544e-01
3.289011e+01 1.160281e-01
3.259091e+01 1.188565e-01
3.281204e+01 1.230309e-01
3.301528e+01 1.259298e-01
3.283212e+01 1.253731e-01
3.301944e+01 1.249317e-01
3.273811e+01 1.259195e-01
3.272845e+01 1.274802e-01
3.283109e+01 1.272711e-01
3.233691e+01 1.287797e-01
3.221226e+01 1.304110e-01
3.240164e+01 1.313877e-01
3.212320e+01 1.323382e-01
3.262327e+01 1.312305e-01
3.248143e+01 1.276238e-01
3.244442e+01 1.254213e-01
3.230401e+01 1.234772e-01
3.256181e+01 1.227332e-01
3.253949e+01 1.227281e-01
3.223835e+01 1.227806e-01
3.250649e+01 1.226778e-01
3.219382e+01 1.219357e-01
3.283462e+01 1.218051e-01
3.243427e+01 1.210931e-01
3.244422e+01 1.216042e-01
3.241021e+01 1.220692e-01
3.266240e+01 1.223840e-01
3.234807e+01 1.224491e-01
3.246004e+01 1.231723e-01
3.222835e+01 1.230372e-01
3.247460e+01 1.225517e-01
3.241327e+01 1.016318e-01
3.226255e+01 1.016645e-01
3.239156e+01 1.024315e-01
3.244938e+01 1.128258e-01
3.307053e+01 1.089143e-01
3.288800e+01 1.083053e-01
3.287548e+01 1.078898e-01
3.285697e+01 1.074345e-01
3.281799e+01 1.060129e-01
3.254842e+01 1.066298e-01
3.276143e+01 1.065459e-01
3.254977e+01 1.057912e-01
3.255800e+01 1.061867e-01
3.259382e+01 1.070613e-01
3.221686e+01 1.073031e-01
3.222239e+01 1.073471e-01
3.266464e+01 1.075115e-01
3.270796e+01 1.084476e-01
3.214643e+01 1.093694e-01
3.231403e+01 1.102992e-01
3.241883e+01 1.105959e-01
3.227477e+01 1.100604e-01
3.230860e+01 1.125702e-01
3.239952e+01 1.117797e-01
3.232902e+01 1.129276e-01
3.251667e+01 1.124392e-01
3.246823e+01 1.124473e-01
3.235354e+01 1.120733e-01
3.214227e+01 1.133369e-01
3.233246e+01 1.127949e-01
3.262365e+01 1.112596e-01
3.203164e+01 1.124922e-01
3.231102e+01 1.130937e-01
3.205460e+01 1.128269e-01
3.223045e+01 1.132068e-01
3.240397e+01 1.149440e-01
3.221650e+01 1.135580e-01
3.205139e+01 1.145294e-01
3.207161e+01 1.133036e-01
3.225540e+01 1.149417e-01
3.229776e+01 1.145588e-01
3.216046e+01 1.156698e-01
3.196611e+01 1.166732e-01
3.222333e+01 1.159553e-01
3.223602e+01 1.172082e-01
3.211935e+01 1.178038e-01
3.220645e+01 1.181412e-01
3.218753e+01 1.180087e-01
3.230433e+01 1.172936e-01
3.203571e+01 1.176884e-01
3.242432e+01 1.178636e-01
3.238840e+01 1.190062e-01
3.221200e+01 1.191778e-01
3.219544e+01 1.178894e-01
3.208543e+01 1.192472e-01
3.221180e+01 1.196235e-01
3.236010e+01 1.200961e-01
3.218209e+01 1.205137e-01
3.218041e+01 1.209188e-01
3.236091e+01 1.210152e-01
3.224027e+01 1.225177e-01
3.233164e+01 1.211488e-01
3.223706e+01 1.212635e-01
3.214238e+01 1.224083e-01
3.224486e+01 1.227816e-01
3.245539e+01 1.226566e-01
3.263578e+01 1.229376e-01
3.205901e+01 1.240270e-01
3.224225e+01 1.236741e-01
3.223459e+01 1.251710e-01
3.236247e+01 1.246545e-01
3.243490e+01 1.268899e-01
3.260860e+01 1.279018e-01
3.225946e+01 1.295711e-01
3.217737e+01 1.307060e-01
3.230807e+01 1.242710e-01
3.248373e+01 1.222213e-01
3.243456e+01 1.218715e-01
3.236174e+01 1.214311e-01
3.265104e+01 1.209631e-01
3.256271e+01 1.223418e-01
3.244502e+01 1.228740e-01
3.224106e+01 1.217747e-01
3.254484e+01 1.205235e-01
3.254747e+01 1.203094e-01
3.235799e+01 1.217571e-01
3.227114e+01 1.223548e-01
3.229233e+01 1.223855e-01
3.252192e+01 1.209860e-01
3.258947e+01 1.201436e-01
3.239201e+01 1.193552e-01
3.240195e+01 1.182539e-01
3.209924e+01 1.165577e-01
3.276961e+01 1.158956e-01
3.240643e+01 1.137780e-01
3.245500e+01 1.130656e-01
3.241684e+01 1.119636e-01
3.257067e+01 1.129135e-01
3.282612e+01 1.142464e-01
3.282438e+01 1.148841e-01
3.281996e+01 1.143917e-01
3.278849e+01 1.177691e-01
2.779958e+01 3.273394e+00
2.771939e+01 3.261928e+00
2.767918e+01 3.253942e+00
3.308074e+01 6.262981e+00
3.306089e+01 6.104342e+00
3.299525e+01 6.137266e+00
3.291149e+01 6.162841e+00
3.315736e+01 6.136049e+00
3.315454e+01 6.113542e+00
3.291638e+01 6.112131e+00
3.300900e+01 6.114806e+00
3.298125e+01 6.093416e+00
3.315076e+01 6.074990e+00
3.279266e+01 6.094283e+00
3.307092e+01 6.082418e+00
3.298828e+01 6.117295e+00
3.299051e+01 6.183114e+00
3.286245e+01 6.216000e+00
3.275712e+01 6.119121e+00
3.307473e+01 6.128305e+00
3.292206e+01 6.063843e+00
3.283014e+01 5.998983e+00
3.302627e+01 5.979095e+00
3.267122e+01 6.000040e+00
3.281067e+01 6.047078e+00
3.278048e+01 5.910475e+00
3.274217e+01 6.000332e+00
3.281819e+01 6.072824e+00
3.262287e+01 6.021732e+00
3.269948e+01 6.142007e+00
3.251268e+01 6.157587e+00
3.264505e+01 6.221478e+00
3.269550e+01 6.247834e+00
3.253340e+01 6.235340e+00
3.237719e+01 6.276837e+00
3.274466e+01 6.343521e+00
3.243634e+01 6.306664e+00
3.262869e+01 6.358455e+00
3.249706e+01 6.451419e+00
3.234145e+01 6.471677e+00
3.250500e+01 6.460608e+00
3.263978e+01 6.510046e+00
3.271576e+01 6.588455e+00
3.252569e+01 6.657462e+00
3.287321e+01 6.642330e+00
3.281012e+01 6.614395e+00
3.267980e+01 6.695420e+00
3.261354e+01 6.620732e+00
3.307106e+01 6.582124e+00
3.261874e+01 6.677231e+00
3.274936e+01 6.509624e+00
3.276348e+01 6.568463e+00
3.275169e+01 6.456660e+00
3.283353e+01 6.503985e+00
3.276059e+01 6.503179e+00
3.277917e+01 6.495952e+00
3.290663e+01 6.568541e+00
3.294146e+01 6.540211e+00
3.270774e+01 6.567718e+00
3.263930e+01 6.589791e+00
3.281967e+01 6.592972e+00
3.285009e+01 6.635296e+00
3.249900e+01 6.628722e+00
3.285130e+01 6.645157e+00
3.280702e+01 6.652002e+00
3.280960e+01 6.661399e+00
3.296427e+01 6.697779e+00
3.287441e+01 6.678373e+00
3.305685e+01 6.713411e+00
3.291451e+01 6.719725e+00
3.306703e+01 6.743550e+00
3.294428e+01 6.779312e+00
3.274349e+01 6.743591e+00
3.283561e+01 6.767274e+00
3.275199e+01 6.780774e+00
3.293792e+01 6.805020e+00
3.255222e+01 6.799676e+00
3.250998e+01 6.803414e+00
3.277868e+01 6.818388e+00
3.243243e+01 6.846297e+00
3.244595e+01 6.856787e+00
3.234944e+01 6.858166e+00
3.200345e+01 6.896675e+00
3.228420e+01 6.892881e+00
3.237329e+01 6.887345e+00
3.255697e+01 6.904715e+00
3.224672e+01 6.928173e+00
3.264267e+01 6.839640e+00
3.254048e+01 6.884876e+00
3.232714e+01 6.951345e+00
3.263472e+01 6.924907e+00
3.241344e+01 6.908148e+00
3.250794e+01 6.971715e+00
3.272494e+01 6.455918e+00
3.273011e+01 6.436301e+00
3.256166e+01 6.576470e+00
3.265781e+01 6.575191e+00
3.255570e+01 6.466378e+00
3.305065e+01 6.467145e+00
3.293066e+01 6.464089e+00
3.265168e+01 6.459322e+00
3.242210e+01 6.461497e+00
3.271675e+01 6.448735e+00
3.284039e+01 6.463702e+00
3.271442e+01 6.454524e+00
3.270271e+01 6.449489e+00
3.262633e+01 6.415888e+00
3.265420e+01 6.528118e+00
3.276844e+01 6.626320e+00
3.273332e+01 6.678806e+00
3.288386e+01 6.738989e+00
3.291339e+01 6.953995e+00
3.267277e+01 7.393673e+00
3.264405e+01 7.651348e+00
3.284821e+01 7.664048e+00
3.270991e+01 7.383374e+00
3.259753e+01 7.024075e+00
