2.018862e+01 1.281097e-01
2.144258e+01 1.562388e-01
2.182701e+01 1.153278e-01
2.480626e+01 6.680436e-02
2.044292e+01 2.261847e-01
2.839485e+01 7.762139e-02
2.740363e+01 1.992036e-01
2.323411e+01 1.068824e-01
2.844517e+01 6.048762e-02
1.922906e+01 2.747478e-01
2.359845e+01 1.589839e-01
2.170148e+01 1.396138e-01
2.133351e+01 1.566493e-01
2.026822e+01 1.287786e-01
2.176775e+01 1.156346e-01
2.330401e+01 1.065144e-01
2.357336e+01 1.585459e-01
2.519640e+01 6.666002e-02
2.753549e+01 1.990200e-01
2.845046e+01 6.083481e-02
2.051861e+01 2.272053e-01
2.840913e+01 7.805932e-02
2.195749e+01 1.398514e-01
1.912721e+01 2.750347e-01
2.134070e+01 1.570186e-01
2.027431e+01 1.282403e-01
2.191750e+01 1.161373e-01
2.332623e+01 1.061546e-01
2.376223e+01 1.585435e-01
2.515308e+01 6.752759e-02
2.048584e+01 2.258906e-01
2.740700e+01 1.984967e-01
2.847623e+01 7.702699e-02
2.843584e+01 6.102043e-02
1.919480e+01 2.747750e-01
2.180505e+01 1.402536e-01
2.768379e+01 1.996249e-01
2.790520e+01 1.531451e-01
2.667024e+01 1.179280e-01
2.638546e+01 2.135496e-01
2.631817e+01 1.869510e-01
2.491779e+01 2.099511e-01
2.794298e+01 1.907743e-01
2.822792e+01 1.456314e-01
2.657077e+01 1.682946e-01
2.801019e+01 1.717358e-01
2.797158e+01 1.439975e-01
2.494277e+01 1.885930e-01
2.852286e+01 1.340876e-01
2.827103e+01 1.413602e-01
2.546345e+01 1.674990e-01
2.652153e+01 1.469585e-01
2.834516e+01 1.546830e-01
2.624482e+01 1.888001e-01
2.802414e+01 1.417413e-01
2.503317e+01 2.141022e-01
2.819859e+01 1.778043e-01
2.817400e+01 1.810119e-01
2.651488e+01 1.793427e-01
2.669084e+01 1.879051e-01
2.875332e+01 1.334983e-01
2.799865e+01 1.423122e-01
2.827431e+01 1.542964e-01
2.642149e+01 2.164940e-01
2.651688e+01 1.492550e-01
2.631557e+01 1.937709e-01
2.633873e+01 1.508521e-01
2.806262e+01 1.940884e-01
2.763653e+01 1.210896e-01
2.811040e+01 1.828068e-01
2.695599e+01 1.943661e-01
2.616761e+01 1.941236e-01
2.837865e+01 1.337405e-01
2.795519e+01 1.423101e-01
2.498998e+01 2.142638e-01
2.799682e+01 1.555289e-01
2.536468e+01 1.656419e-01
2.627902e+01 1.954100e-01
2.847269e+01 1.466570e-01
2.813545e+01 1.852034e-01
2.799858e+01 1.969735e-01
2.759783e+01 1.231824e-01
2.658814e+01 1.976039e-01
2.651590e+01 1.959120e-01
2.842981e+01 1.343914e-01
2.777759e+01 1.422822e-01
2.484964e+01 2.086566e-01
2.815551e+01 1.574177e-01
2.523987e+01 1.757062e-01
2.635661e+01 1.879845e-01
2.839864e+01 1.404577e-01
2.791538e+01 1.911844e-01
2.806650e+01 1.848391e-01
2.773163e+01 1.463396e-01
2.837516e+01 1.344857e-01
2.709827e+01 1.904780e-01
2.474807e+01 2.148062e-01
2.809457e+01 1.436780e-01
2.794800e+01 1.593542e-01
2.666244e+01 1.967477e-01
2.531402e+01 1.759456e-01
2.611379e+01 1.828938e-01
2.817973e+01 1.902396e-01
2.846900e+01 1.351321e-01
2.845072e+01 1.657755e-01
2.830662e+01 1.449606e-01
2.810393e+01 1.462579e-01
2.683293e+01 1.750906e-01
2.805248e+01 2.113624e-01
2.801819e+01 1.434154e-01
2.806720e+01 1.603104e-01
2.567635e+01 1.836045e-01
2.844861e+01 1.341312e-01
2.526330e+01 1.783630e-01
2.679249e+01 1.874404e-01
2.817839e+01 1.767502e-01
2.658543e+01 1.971002e-01
2.840080e+01 1.454970e-01
2.818933e+01 2.126546e-01
2.809791e+01 1.441281e-01
2.811542e+01 1.673133e-01
2.584279e+01 1.840267e-01
2.798367e+01 1.618175e-01
2.788676e+01 1.440796e-01
2.840369e+01 1.352178e-01
2.520241e+01 1.724971e-01
2.677887e+01 1.927685e-01
2.684536e+01 1.815533e-01
2.558323e+01 1.849268e-01
2.756158e+01 2.139273e-01
2.807389e+01 1.617238e-01
2.794142e+01 1.449930e-01
2.829568e+01 1.432633e-01
2.793808e+01 1.705060e-01
2.828686e+01 1.499061e-01
2.838026e+01 1.360522e-01
2.541468e+01 1.987158e-01
2.516902e+01 1.799437e-01
2.688886e+01 1.927831e-01
2.685388e+01 1.908055e-01
2.523313e+01 1.690955e-01
2.816753e+01 1.594564e-01
2.478048e+01 2.131949e-01
2.798389e+01 1.444341e-01
2.854577e+01 1.368083e-01
2.817392e+01 1.426494e-01
2.772524e+01 1.788985e-01
2.525499e+01 1.700377e-01
2.844838e+01 1.531379e-01
2.697854e+01 1.888642e-01
2.760374e+01 1.921754e-01
2.820777e+01 1.572586e-01
2.505385e+01 1.726831e-01
2.491696e+01 2.138950e-01
2.774932e+01 1.437995e-01
2.838665e+01 1.373352e-01
2.806022e+01 1.983460e-01
2.625464e+01 1.723472e-01
2.808758e+01 1.425568e-01
2.646410e+01 1.904002e-01
2.822534e+01 1.960502e-01
2.681898e+01 1.828372e-01
2.851143e+01 1.557337e-01
2.836077e+01 1.557199e-01
2.845816e+01 1.376399e-01
2.478494e+01 2.125760e-01
2.793115e+01 1.458526e-01
2.480840e+01 1.704203e-01
2.554858e+01 1.694941e-01
2.805981e+01 1.843027e-01
2.837276e+01 1.461492e-01
2.815867e+01 1.993149e-01
2.842658e+01 1.514374e-01
2.811158e+01 2.042372e-01
2.668792e+01 1.744741e-01
2.831822e+01 1.379903e-01
2.461090e+01 2.122184e-01
2.774367e+01 1.460940e-01
2.791723e+01 1.691855e-01
2.828528e+01 1.586990e-01
2.474177e+01 1.613309e-01
2.814192e+01 1.833444e-01
2.810811e+01 1.510079e-01
2.849260e+01 1.520031e-01
2.817764e+01 2.055983e-01
2.847639e+01 1.380735e-01
2.719552e+01 1.730292e-01
2.455364e+01 2.127013e-01
2.574319e+01 1.651267e-01
2.777593e+01 1.475875e-01
2.494168e+01 1.695356e-01
2.808760e+01 1.836068e-01
2.826026e+01 1.593988e-01
2.842564e+01 1.498611e-01
2.812937e+01 2.097454e-01
2.785451e+01 1.481714e-01
2.824687e+01 1.378025e-01
2.667858e+01 1.758697e-01
2.464233e+01 2.119899e-01
2.568518e+01 1.628967e-01
2.797263e+01 2.027304e-01
2.806221e+01 1.483215e-01
2.836776e+01 1.884096e-01
2.486939e+01 1.685838e-01
2.856567e+01 1.489545e-01
2.818602e+01 1.604774e-01
2.830691e+01 1.378438e-01
2.783635e+01 1.513144e-01
2.647211e+01 2.122748e-01
2.682397e+01 1.795909e-01
2.639375e+01 1.693806e-01
2.466997e+01 2.132645e-01
2.803003e+01 1.473417e-01
2.824295e+01 1.886489e-01
2.846660e+01 1.479192e-01
2.839846e+01 1.380297e-01
2.479290e+01 1.683518e-01
2.828290e+01 1.607277e-01
2.621817e+01 2.153668e-01
2.754675e+01 1.498677e-01
2.764525e+01 2.059522e-01
2.683609e+01 1.776017e-01
2.830226e+01 1.474569e-01
2.675814e+01 1.873107e-01
2.446226e+01 2.164441e-01
2.589407e+01 1.715821e-01
2.865948e+01 1.476321e-01
2.853471e+01 1.379526e-01
2.459979e+01 1.605561e-01
2.486856e+01 2.141519e-01
2.754048e+01 1.461281e-01
2.826138e+01 1.613027e-01
2.679470e+01 1.927005e-01
2.669713e+01 1.896899e-01
2.859642e+01 1.475397e-01
2.455075e+01 2.192708e-01
2.851245e+01 1.488278e-01
2.851426e+01 1.381751e-01
2.548620e+01 1.756585e-01
2.801344e+01 2.085287e-01
2.432536e+01 2.169122e-01
2.492421e+01 1.528746e-01
2.810393e+01 1.627188e-01
2.740717e+01 1.390244e-01
2.706754e+01 1.697952e-01
2.753056e+01 1.900121e-01
2.835242e+01 1.450294e-01
2.461381e+01 2.230663e-01
2.827501e+01 1.476901e-01
2.840729e+01 1.333959e-01
2.428647e+01 2.207086e-01
2.596252e+01 1.772915e-01
2.726237e+01 1.476072e-01
2.819080e+01 1.480756e-01
2.636052e+01 1.786007e-01
2.819486e+01 1.892001e-01
2.787972e+01 2.076552e-01
2.747034e+01 1.350549e-01
2.460946e+01 2.210576e-01
2.805624e+01 1.622755e-01
2.835770e+01 1.498513e-01
2.829424e+01 1.363710e-01
2.565048e+01 2.255428e-01
2.830013e+01 1.492817e-01
2.754833e+01 1.581166e-01
2.701472e+01 1.848032e-01
2.588959e+01 1.792086e-01
2.803684e+01 1.912876e-01
2.448043e+01 2.257359e-01
2.823366e+01 1.498732e-01
2.814821e+01 1.244103e-01
2.789759e+01 2.262107e-01
2.803513e+01 1.624151e-01
2.795508e+01 1.984193e-01
2.838051e+01 1.413280e-01
2.842018e+01 1.499761e-01
2.668303e+01 1.878443e-01
2.740260e+01 1.619256e-01
2.822542e+01 1.925884e-01
2.629321e+01 2.248349e-01
2.827334e+01 1.497196e-01
2.806961e+01 2.151502e-01
2.546390e+01 1.768169e-01
2.792771e+01 1.255235e-01
2.851989e+01 1.514903e-01
2.846799e+01 1.420530e-01
2.709099e+01 1.924071e-01
2.793802e+01 2.000377e-01
2.058366e+01 1.743531e-01
2.053870e+01 1.753626e-01
2.054146e+01 1.760145e-01
2.795919e+01 1.635632e-01
2.468146e+01 1.525243e-01
2.822694e+01 2.106114e-01
2.840999e+01 1.500965e-01
2.811372e+01 1.905689e-01
2.761702e+01 1.821372e-01
2.806608e+01 1.511413e-01
2.783631e+01 1.328122e-01
2.699213e+01 1.979463e-01
2.839039e+01 1.431198e-01
2.563707e+01 1.727033e-01
2.793929e+01 2.093463e-01
2.649819e+01 2.003154e-01
2.809413e+01 1.515144e-01
2.535857e+01 1.793331e-01
2.834711e+01 1.506580e-01
2.650087e+01 1.886411e-01
2.693319e+01 2.068065e-01
2.778403e+01 1.700518e-01
2.833841e+01 1.307058e-01
2.793179e+01 2.112103e-01
2.476408e+01 1.765715e-01
2.825842e+01 1.418382e-01
2.793351e+01 1.648394e-01
2.810977e+01 1.505032e-01
2.839250e+01 1.514150e-01
2.646496e+01 1.869484e-01
2.628139e+01 1.876696e-01
2.798991e+01 1.729198e-01
2.650261e+01 2.013780e-01
2.726728e+01 2.153878e-01
2.478531e+01 1.741429e-01
2.808247e+01 1.249702e-01
2.841813e+01 1.500109e-01
2.839943e+01 1.432751e-01
2.849028e+01 1.514361e-01
2.738006e+01 1.898577e-01
2.622247e+01 1.814963e-01
2.804195e+01 1.640016e-01
2.547230e+01 1.900764e-01
2.429586e+01 2.164430e-01
2.836153e+01 1.476781e-01
2.829509e+01 1.511223e-01
2.823835e+01 1.809094e-01
2.869787e+01 1.452796e-01
2.837634e+01 1.237212e-01
2.670869e+01 2.477046e-01
2.841422e+01 1.505666e-01
2.637521e+01 2.049434e-01
2.423323e+01 2.199260e-01
2.562554e+01 1.902900e-01
2.844477e+01 1.507420e-01
2.805998e+01 1.655424e-01
2.820291e+01 1.744287e-01
2.841199e+01 1.494658e-01
2.839664e+01 1.463877e-01
2.788359e+01 2.499721e-01
2.839750e+01 1.236138e-01
2.832895e+01 1.485969e-01
2.696232e+01 2.213127e-01
2.570334e+01 1.826606e-01
2.841024e+01 1.498012e-01
2.503769e+01 1.902465e-01
2.804785e+01 1.770981e-01
2.806747e+01 2.515939e-01
2.815374e+01 1.672452e-01
2.887198e+01 1.312673e-01
2.827412e+01 1.665785e-01
2.840684e+01 1.460937e-01
2.646922e+01 2.052556e-01
2.779633e+01 2.269195e-01
2.823715e+01 1.476935e-01
2.833537e+01 1.502409e-01
2.537525e+01 1.900423e-01
2.788800e+01 2.521067e-01
2.821814e+01 1.814495e-01
2.873852e+01 1.292660e-01
2.751932e+01 2.305189e-01
2.846988e+01 1.506245e-01
2.858125e+01 1.466364e-01
2.817692e+01 1.613398e-01
2.857167e+01 1.481529e-01
2.624722e+01 1.843343e-01
2.642907e+01 1.682130e-01
2.806481e+01 1.889588e-01
2.655901e+01 2.522147e-01
2.474264e+01 2.287530e-01
2.811876e+01 1.816580e-01
2.633769e+01 2.040100e-01
2.814766e+01 1.506329e-01
2.861917e+01 1.287347e-01
2.834978e+01 1.470325e-01
2.819393e+01 1.481980e-01
2.624312e+01 1.400548e-01
2.835359e+01 1.877053e-01
2.669250e+01 2.519768e-01
2.416797e+01 2.351665e-01
2.847048e+01 1.510196e-01
2.556904e+01 1.681912e-01
2.808215e+01 1.761003e-01
2.840466e+01 1.405741e-01
2.831966e+01 1.473788e-01
2.528922e+01 1.851765e-01
2.814881e+01 1.473765e-01
2.741965e+01 2.522499e-01
2.817407e+01 1.896453e-01
2.611985e+01 1.315394e-01
2.420825e+01 2.402923e-01
2.611956e+01 2.032499e-01
2.842614e+01 1.510348e-01
2.842225e+01 1.428697e-01
2.825582e+01 1.688165e-01
2.834059e+01 1.476974e-01
2.796833e+01 2.522260e-01
2.536470e+01 1.682367e-01
2.823266e+01 1.894000e-01
2.809300e+01 1.457981e-01
2.465132e+01 2.393316e-01
2.604318e+01 1.338223e-01
2.825837e+01 1.525420e-01
2.850878e+01 1.402533e-01
2.829747e+01 1.612525e-01
2.787711e+01 2.557777e-01
2.836567e+01 1.474995e-01
2.649958e+01 2.040788e-01
2.535797e+01 1.909781e-01
2.503445e+01 1.694954e-01
2.809695e+01 1.469437e-01
2.731057e+01 2.399743e-01
2.836893e+01 1.389801e-01
2.576787e+01 1.855539e-01
2.821688e+01 1.524409e-01
2.621836e+01 1.368970e-01
2.808376e+01 2.547084e-01
2.789104e+01 1.642357e-01
2.839318e+01 1.483197e-01
2.513494e+01 1.914689e-01
2.813009e+01 1.351147e-01
2.553773e+01 1.702237e-01
2.776356e+01 1.464989e-01
2.764728e+01 2.364256e-01
2.830772e+01 1.526631e-01
2.816366e+01 2.034011e-01
2.603843e+01 1.377079e-01
2.799068e+01 2.555395e-01
2.788763e+01 1.710132e-01
2.825188e+01 1.479124e-01
2.528328e+01 1.904456e-01
2.842003e+01 1.357884e-01
2.778060e+01 2.186768e-01
2.850882e+01 1.516291e-01
2.818880e+01 1.471737e-01
2.587761e+01 1.710451e-01
2.631018e+01 2.541697e-01
2.620138e+01 1.370466e-01
2.578743e+01 1.864503e-01
2.811237e+01 2.052982e-01
2.837642e+01 1.406358e-01
2.761052e+01 1.798479e-01
2.498836e+01 1.936370e-01
2.842731e+01 1.484142e-01
2.838840e+01 1.516501e-01
2.782556e+01 2.107516e-01
2.813122e+01 1.462053e-01
2.551765e+01 1.717297e-01
2.610381e+01 2.564414e-01
2.621417e+01 1.364008e-01
2.840517e+01 1.412441e-01
2.530894e+01 1.905251e-01
2.773499e+01 1.820428e-01
2.852004e+01 1.524775e-01
2.798177e+01 2.078848e-01
2.846331e+01 1.499136e-01
2.531350e+01 2.573088e-01
2.811325e+01 1.468539e-01
2.816748e+01 2.100219e-01
2.548506e+01 1.716812e-01
2.845945e+01 1.414845e-01
2.827125e+01 1.309358e-01
2.503428e+01 1.930619e-01
2.818934e+01 1.531078e-01
2.793186e+01 2.113897e-01
2.782459e+01 1.729492e-01
2.527855e+01 2.585572e-01
2.817338e+01 1.470711e-01
2.844839e+01 1.501880e-01
2.562206e+01 1.726160e-01
2.851577e+01 1.423218e-01
2.826099e+01 2.132663e-01
2.508870e+01 1.854476e-01
2.828714e+01 1.528375e-01
2.573297e+01 1.920827e-01
2.814340e+01 1.306082e-01
2.745973e+01 2.076469e-01
2.492292e+01 2.589631e-01
2.772911e+01 1.626279e-01
2.811254e+01 1.469954e-01
2.834999e+01 1.434919e-01
2.540101e+01 1.731971e-01
2.826879e+01 1.499084e-01
2.822425e+01 1.535550e-01
2.485761e+01 1.919954e-01
2.821901e+01 1.308718e-01
2.398724e+01 2.032107e-01
2.811116e+01 2.073455e-01
2.506326e+01 2.595837e-01
2.795675e+01 1.484791e-01
2.820414e+01 1.549883e-01
2.850104e+01 1.439229e-01
2.817674e+01 1.530379e-01
2.600002e+01 1.740139e-01
2.497938e+01 1.930349e-01
2.843888e+01 1.504355e-01
2.467837e+01 2.005146e-01
2.784099e+01 2.584963e-01
2.824542e+01 1.316090e-01
2.799334e+01 1.468280e-01
2.768776e+01 1.594211e-01
2.854639e+01 1.429743e-01
2.811073e+01 2.065589e-01
2.828001e+01 1.533060e-01
2.548015e+01 1.867080e-01
2.502185e+01 1.929832e-01
2.827425e+01 1.503883e-01
2.525275e+01 1.975435e-01
2.444182e+01 1.740532e-01
2.801566e+01 2.585168e-01
2.789407e+01 1.463540e-01
2.835690e+01 1.315888e-01
2.822810e+01 1.541614e-01
2.847629e+01 1.433999e-01
2.682652e+01 1.536972e-01
2.489043e+01 1.935202e-01
2.406937e+01 1.964839e-01
2.820933e+01 2.053860e-01
2.845606e+01 1.529689e-01
2.806753e+01 2.602022e-01
2.805584e+01 1.479090e-01
2.832690e+01 1.536665e-01
2.833179e+01 1.433848e-01
2.820481e+01 1.334793e-01
2.455537e+01 1.748127e-01
2.713624e+01 1.513492e-01
2.537653e+01 1.932884e-01
2.429826e+01 1.906735e-01
2.842696e+01 1.536366e-01
2.806581e+01 2.608267e-01
2.825325e+01 1.531191e-01
2.787494e+01 1.451717e-01
2.862340e+01 1.438385e-01
2.650010e+01 2.069443e-01
2.841620e+01 1.331287e-01
2.653099e+01 1.886820e-01
2.380580e+01 8.871109e-02
2.388860e+01 8.846754e-02
2.420042e+01 8.876332e-02
2.500250e+01 1.938933e-01
2.758507e+01 1.627490e-01
2.825123e+01 1.546025e-01
2.561962e+01 1.334229e-01
2.610197e+01 1.754540e-01
2.796389e+01 2.619381e-01
2.853767e+01 1.445506e-01
2.786329e+01 1.489386e-01
2.842050e+01 1.529479e-01
2.509753e+01 1.868854e-01
2.554371e+01 2.035040e-01
2.509405e+01 1.945877e-01
2.836946e+01 1.340896e-01
2.809899e+01 1.545088e-01
2.811224e+01 1.624582e-01
2.629036e+01 2.083823e-01
2.728795e+01 2.632191e-01
2.846372e+01 1.434949e-01
2.784939e+01 1.479400e-01
2.803007e+01 1.527573e-01
2.420056e+01 1.754986e-01
2.394268e+01 1.915065e-01
2.579219e+01 2.132533e-01
2.847314e+01 1.552099e-01
2.490894e+01 1.959869e-01
2.830599e+01 1.342554e-01
2.724066e+01 1.600944e-01
2.862581e+01 1.428288e-01
2.511258e+01 2.630223e-01
2.770749e+01 1.472779e-01
2.429980e+01 1.996577e-01
2.845839e+01 1.522754e-01
2.817523e+01 1.547877e-01
2.534074e+01 2.163487e-01
2.661351e+01 2.130904e-01
2.484650e+01 1.949058e-01
2.436852e+01 1.763067e-01
2.823391e+01 1.340404e-01
2.866853e+01 1.427578e-01
2.465439e+01 2.644439e-01
2.768138e+01 1.605580e-01
2.421542e+01 2.025449e-01
2.785727e+01 1.453417e-01
2.841948e+01 1.555096e-01
2.523350e+01 2.068981e-01
2.837092e+01 1.531328e-01
2.479603e+01 1.952708e-01
2.550123e+01 1.780164e-01
2.866804e+01 1.438274e-01
2.422457e+01 2.051809e-01
2.649879e+01 2.113962e-01
2.517969e+01 2.646312e-01
2.837045e+01 1.333584e-01
2.827468e+01 1.550743e-01
2.748910e+01 1.484519e-01
2.545072e+01 1.978652e-01
2.756437e+01 1.465584e-01
2.848072e+01 1.533766e-01
2.480281e+01 1.960801e-01
2.413750e+01 2.146764e-01
2.837863e+01 1.433341e-01
2.143204e+01 1.568905e-01
2.133186e+01 1.571925e-01
2.147021e+01 1.575725e-01
2.467649e+01 2.666868e-01
2.833848e+01 1.554638e-01
2.422205e+01 1.785681e-01
2.853601e+01 1.680962e-01
2.554395e+01 1.829698e-01
2.783028e+01 1.507136e-01
2.532032e+01 1.980476e-01
2.597471e+01 1.487185e-01
2.839193e+01 1.527119e-01
2.415674e+01 2.209517e-01
2.598756e+01 2.113772e-01
2.863139e+01 1.430197e-01
2.857441e+01 1.816246e-01
2.844564e+01 1.563275e-01
2.533819e+01 2.664859e-01
2.578859e+01 1.841102e-01
2.464885e+01 1.790376e-01
2.767846e+01 1.499415e-01
2.521439e+01 1.982091e-01
2.418047e+01 2.271312e-01
2.839065e+01 1.532564e-01
2.616644e+01 1.461986e-01
2.863574e+01 1.429577e-01
2.839173e+01 1.837204e-01
2.845760e+01 1.560285e-01
2.827525e+01 1.054410e-01
2.834367e+01 1.049471e-01
2.831167e+01 1.059464e-01
2.461589e+01 2.656301e-01
2.804431e+01 1.516658e-01
2.528463e+01 1.865526e-01
2.488324e+01 1.987562e-01
2.613224e+01 2.107033e-01
2.765618e+01 1.490838e-01
2.570020e+01 1.792101e-01
2.856498e+01 1.536466e-01
2.859717e+01 1.417510e-01
2.858254e+01 1.427859e-01
2.844670e+01 1.564817e-01
2.837351e+01 1.883993e-01
2.619479e+01 1.474172e-01
2.455321e+01 2.664728e-01
2.471399e+01 1.997690e-01
2.569642e+01 1.847836e-01
2.787801e+01 1.497294e-01
2.846498e+01 1.571769e-01
2.570260e+01 1.795289e-01
2.848888e+01 1.425524e-01
2.860599e+01 1.403537e-01
2.519275e+01 1.898176e-01
2.846065e+01 1.542143e-01
2.464746e+01 2.681679e-01
2.646884e+01 2.097474e-01
2.640169e+01 1.492906e-01
2.817199e+01 1.995212e-01
2.839531e+01 1.566051e-01
2.761434e+01 1.480141e-01
2.565385e+01 1.867916e-01
2.852797e+01 1.414340e-01
2.859789e+01 1.407115e-01
2.473673e+01 1.933794e-01
2.472965e+01 1.801562e-01
2.458358e+01 2.694557e-01
2.842420e+01 1.545404e-01
2.839898e+01 1.461499e-01
2.830544e+01 1.576192e-01
2.825573e+01 2.091690e-01
2.807109e+01 2.011679e-01
2.868343e+01 1.408307e-01
2.485366e+01 1.920138e-01
2.848404e+01 1.324137e-01
2.811853e+01 1.483773e-01
2.581466e+01 1.898211e-01
2.552731e+01 1.808768e-01
2.515469e+01 2.685865e-01
2.849484e+01 1.541893e-01
2.847655e+01 1.580414e-01
2.855707e+01 1.356091e-01
2.802362e+01 2.001380e-01
2.485156e+01 1.917131e-01
2.848190e+01 1.415175e-01
2.752476e+01 1.484445e-01
2.859761e+01 1.285787e-01
2.822138e+01 2.071776e-01
2.554966e+01 1.891437e-01
2.445371e+01 1.814745e-01
2.484337e+01 2.704161e-01
2.843139e+01 1.581667e-01
2.827745e+01 1.553020e-01
2.846947e+01 1.359157e-01
2.515653e+01 1.915492e-01
2.840504e+01 1.406853e-01
2.778417e+01 2.013016e-01
2.813467e+01 1.588786e-01
2.787861e+01 1.486132e-01
2.877680e+01 1.295912e-01
2.403779e+01 1.816376e-01
2.820801e+01 1.557037e-01
2.546283e+01 1.889207e-01
2.469615e+01 2.711276e-01
2.828031e+01 1.344894e-01
2.564779e+01 1.902773e-01
2.824507e+01 2.106613e-01
2.842808e+01 1.408405e-01
2.835787e+01 1.594156e-01
2.483083e+01 2.014871e-01
2.776958e+01 1.485808e-01
2.867111e+01 1.331730e-01
2.454295e+01 1.818595e-01
2.832853e+01 1.565828e-01
2.454853e+01 2.736146e-01
2.831648e+01 1.347373e-01
2.510425e+01 1.800153e-01
2.627147e+01 1.893682e-01
2.233272e+01 1.077583e-01
2.250971e+01 1.061312e-01
2.232928e+01 1.063057e-01
2.873017e+01 1.412399e-01
2.535033e+01 2.088921e-01
2.794586e+01 1.486358e-01
2.515925e+01 2.010384e-01
2.832585e+01 2.100802e-01
2.859158e+01 1.340530e-01
2.494131e+01 1.821237e-01
2.513396e+01 1.714398e-01
2.846794e+01 1.376264e-01
2.852502e+01 1.559172e-01
2.867674e+01 1.415826e-01
2.451178e+01 2.731344e-01
2.538534e+01 1.705180e-01
2.623612e+01 1.895282e-01
2.775758e+01 1.522928e-01
2.800141e+01 2.024698e-01
2.816243e+01 1.659366e-01
2.507550e+01 1.826447e-01
2.850090e+01 1.291480e-01
2.842394e+01 1.382034e-01
2.848995e+01 1.404275e-01
2.730017e+01 1.525337e-01
2.443914e+01 2.745677e-01
2.831238e+01 1.566191e-01
2.612333e+01 1.908289e-01
2.821200e+01 2.120407e-01
2.784123e+01 1.528295e-01
2.538647e+01 1.730703e-01
2.806877e+01 2.037162e-01
2.525818e+01 1.823309e-01
2.855469e+01 1.417235e-01
2.869873e+01 1.218858e-01
2.836572e+01 1.379674e-01
2.809411e+01 1.511748e-01
2.441689e+01 2.744489e-01
2.848320e+01 1.572596e-01
2.753058e+01 1.570869e-01
2.628993e+01 2.333182e-01
2.522869e+01 1.649266e-01
2.645753e+01 2.128715e-01
2.415943e+01 1.826405e-01
2.857193e+01 1.398274e-01
2.851593e+01 1.350277e-01
2.518320e+01 2.042220e-01
2.829734e+01 1.554712e-01
2.830097e+01 1.368070e-01
2.498851e+01 2.757877e-01
2.764298e+01 1.612618e-01
2.826422e+01 1.575083e-01
2.597709e+01 2.336613e-01
2.511080e+01 1.640714e-01
2.858262e+01 1.399356e-01
2.519336e+01 1.822631e-01
2.830432e+01 1.549503e-01
2.840042e+01 1.338435e-01
2.525498e+01 2.039003e-01
2.822837e+01 1.363159e-01
2.519440e+01 2.765550e-01
2.618592e+01 2.152517e-01
2.772125e+01 1.623645e-01
2.830077e+01 1.580209e-01
2.637666e+01 2.329427e-01
2.514367e+01 1.580282e-01
2.866706e+01 1.392634e-01
2.857268e+01 1.541924e-01
2.442041e+01 1.834864e-01
2.821634e+01 1.436708e-01
2.839755e+01 1.371720e-01
2.798423e+01 2.047348e-01
2.448820e+01 2.772215e-01
2.785399e+01 1.635671e-01
2.626653e+01 2.340957e-01
2.844564e+01 1.588339e-01
2.633091e+01 2.147624e-01
2.499022e+01 1.687098e-01
2.855625e+01 1.392550e-01
2.863710e+01 1.516956e-01
2.459041e+01 1.830187e-01
2.827565e+01 1.445198e-01
2.865537e+01 1.369669e-01
2.780368e+01 1.651003e-01
2.800280e+01 2.046682e-01
2.451943e+01 2.762910e-01
2.591141e+01 2.349931e-01
2.814213e+01 1.797433e-01
2.864172e+01 1.391023e-01
2.835856e+01 1.504651e-01
2.638417e+01 2.166427e-01
2.843326e+01 1.587811e-01
2.523386e+01 1.831713e-01
2.595082e+01 2.349172e-01
2.815117e+01 1.426975e-01
2.785463e+01 1.687015e-01
2.844627e+01 1.370187e-01
2.515037e+01 2.056979e-01
2.790207e+01 1.807524e-01
2.496346e+01 2.761614e-01
2.857126e+01 1.380155e-01
2.853026e+01 1.518330e-01
2.639754e+01 2.189462e-01
2.847434e+01 1.590416e-01
2.430383e+01 1.839547e-01
2.601671e+01 2.364639e-01
2.811472e+01 1.667257e-01
2.769821e+01 2.775635e-01
2.800243e+01 1.806825e-01
2.490844e+01 2.068989e-01
2.850664e+01 1.381235e-01
2.851323e+01 1.367066e-01
2.850843e+01 1.471884e-01
2.799650e+01 1.608696e-01
2.645997e+01 2.166981e-01
2.837002e+01 1.599896e-01
2.606711e+01 2.346452e-01
2.491500e+01 1.839117e-01
2.788443e+01 1.622557e-01
2.780829e+01 2.774606e-01
2.841432e+01 1.368028e-01
2.828187e+01 1.815340e-01
2.867591e+01 1.465834e-01
2.854007e+01 1.367683e-01
2.806130e+01 2.066018e-01
2.791309e+01 1.472573e-01
2.623774e+01 2.307942e-01
2.630244e+01 2.102564e-01
2.838668e+01 1.593647e-01
2.773707e+01 1.608124e-01
2.519826e+01 1.838799e-01
2.857005e+01 1.359905e-01
2.771619e+01 2.790366e-01
2.834842e+01 1.462502e-01
2.815433e+01 2.065379e-01
2.816664e+01 1.721696e-01
2.854484e+01 1.340397e-01
2.793603e+01 1.511451e-01
2.599095e+01 2.318193e-01
2.835641e+01 1.599583e-01
2.793772e+01 1.605098e-01
2.631911e+01 2.132114e-01
2.511886e+01 1.835631e-01
2.866980e+01 1.364556e-01
2.478316e+01 2.786128e-01
2.841395e+01 1.433105e-01
2.789421e+01 2.071702e-01
2.790033e+01 1.604743e-01
2.821430e+01 1.628491e-01
2.858472e+01 1.319187e-01
2.620039e+01 2.300503e-01
2.838298e+01 1.602640e-01
2.783905e+01 1.599633e-01
2.855434e+01 1.386073e-01
2.487598e+01 2.768185e-01
2.478411e+01 1.835483e-01
2.858000e+01 1.363123e-01
2.639930e+01 2.162101e-01
2.667806e+01 2.077540e-01
2.786975e+01 1.709240e-01
2.593789e+01 2.305677e-01
2.835637e+01 1.616590e-01
2.839598e+01 1.605408e-01
2.842795e+01 1.328140e-01
2.801252e+01 1.601951e-01
2.859457e+01 1.390756e-01
2.780819e+01 2.792748e-01
2.884101e+01 1.363194e-01
2.454196e+01 1.844771e-01
2.534619e+01 2.076768e-01
2.842458e+01 1.611466e-01
2.776639e+01 1.788393e-01
2.588469e+01 2.320068e-01
2.855473e+01 1.337046e-01
2.793958e+01 1.722170e-01
2.626124e+01 2.184882e-01
2.809595e+01 1.604674e-01
2.850285e+01 1.392508e-01
2.784997e+01 2.784197e-01
2.838012e+01 1.362029e-01
2.830601e+01 1.608881e-01
2.494028e+01 1.847949e-01
2.795016e+01 2.077590e-01
2.764546e+01 1.807014e-01
2.606894e+01 2.321261e-01
2.770802e+01 1.779919e-01
2.847021e+01 1.364728e-01
2.841923e+01 1.401038e-01
2.813934e+01 1.604438e-01
2.833160e+01 1.614987e-01
2.478312e+01 2.796884e-01
2.855757e+01 1.358202e-01
2.639276e+01 2.191520e-01
2.813124e+01 2.088852e-01
2.475350e+01 1.851382e-01
2.681456e+01 2.341668e-01
2.786262e+01 1.816298e-01
2.768597e+01 1.721597e-01
2.854009e+01 1.413170e-01
2.833384e+01 1.354070e-01
2.771697e+01 1.611258e-01
2.854567e+01 1.610149e-01
2.500401e+01 2.780884e-01
2.861167e+01 1.374424e-01
2.822305e+01 2.101016e-01
2.599878e+01 2.342594e-01
2.456278e+01 1.860570e-01
2.804721e+01 1.771699e-01
2.834426e+01 1.412156e-01
2.606471e+01 2.211744e-01
2.823791e+01 1.615035e-01
2.758666e+01 1.632164e-01
2.796369e+01 1.337704e-01
2.792810e+01 1.612295e-01
2.836717e+01 1.365442e-01
2.772681e+01 2.787447e-01
2.484363e+01 2.106518e-01
2.858163e+01 1.413972e-01
2.602143e+01 2.351884e-01
2.498163e+01 1.855607e-01
2.794756e+01 1.695234e-01
2.861975e+01 1.623186e-01
2.816400e+01 1.342191e-01
2.523438e+01 2.705039e-01
2.780427e+01 1.542464e-01
2.806225e+01 1.611636e-01
2.846523e+01 1.364158e-01
2.622655e+01 2.212901e-01
2.838368e+01 1.421662e-01
2.594199e+01 2.361145e-01
2.802403e+01 2.095729e-01
2.472710e+01 1.861654e-01
2.807578e+01 1.652092e-01
2.428147e+01 2.693935e-01
2.800492e+01 1.340575e-01
2.853037e+01 1.622422e-01
2.773841e+01 1.611372e-01
2.856507e+01 1.369344e-01
2.613992e+01 1.502863e-01
2.860590e+01 1.422867e-01
2.614042e+01 2.229145e-01
2.600766e+01 2.353487e-01
2.806956e+01 2.093921e-01
2.474669e+01 1.869247e-01
2.432963e+01 2.716632e-01
2.810823e+01 1.326102e-01
2.815269e+01 1.647549e-01
2.847497e+01 1.624068e-01
2.847774e+01 1.427246e-01
2.848181e+01 1.374194e-01
2.778624e+01 1.618426e-01
2.510590e+01 1.494705e-01
2.578830e+01 2.294468e-01
2.532137e+01 2.093843e-01
2.523962e+01 2.781185e-01
2.616884e+01 2.233440e-01
2.475668e+01 1.873718e-01
2.827218e+01 1.631145e-01
2.818432e+01 1.325016e-01
2.831155e+01 1.423432e-01
2.840319e+01 1.380349e-01
2.825007e+01 1.638381e-01
2.785563e+01 1.615156e-01
2.577343e+01 2.262868e-01
2.765814e+01 1.572500e-01
2.452356e+01 2.799254e-01
2.493816e+01 2.121389e-01
2.853102e+01 1.399357e-01
2.843105e+01 1.631636e-01
2.471306e+01 1.876158e-01
2.850205e+01 1.355661e-01
2.821149e+01 1.330200e-01
2.624108e+01 2.265128e-01
2.599879e+01 2.440946e-01
2.831769e+01 1.615481e-01
2.813519e+01 1.476053e-01
2.776235e+01 1.561141e-01
2.470023e+01 2.825410e-01
2.549524e+01 2.110318e-01
2.819853e+01 1.401853e-01
2.849673e+01 1.634891e-01
2.843786e+01 1.367828e-01
2.482860e+01 1.886174e-01
2.805501e+01 1.331234e-01
2.600874e+01 2.451236e-01
2.792805e+01 1.608444e-01
2.823588e+01 1.283861e-01
2.507417e+01 2.859711e-01
2.797539e+01 1.562439e-01
2.604287e+01 2.346198e-01
2.855364e+01 1.367189e-01
2.513168e+01 2.112187e-01
2.846795e+01 1.630753e-01
2.852713e+01 1.373235e-01
2.812698e+01 1.321278e-01
2.596967e+01 2.453165e-01
2.796086e+01 1.614394e-01
2.317019e+01 1.070424e-01
2.308064e+01 1.060748e-01
2.470838e+01 1.890154e-01
2.308123e+01 1.061704e-01
2.547016e+01 1.631208e-01
2.411231e+01 9.136441e-02
2.787964e+01 1.231915e-01
2.404869e+01 9.233912e-02
2.406161e+01 9.240741e-02
2.802004e+01 1.519436e-01
2.843725e+01 1.638321e-01
2.638175e+01 1.751405e-01
2.844292e+01 1.426513e-01
2.845917e+01 1.377801e-01
2.621709e+01 2.461532e-01
2.621874e+01 2.322894e-01
2.787113e+01 1.606993e-01
2.813661e+01 1.323371e-01
2.691014e+01 1.762588e-01
2.489012e+01 1.889110e-01
2.683182e+01 1.845513e-01
2.752703e+01 1.278174e-01
2.857008e+01 1.644622e-01
2.802077e+01 1.555064e-01
2.841816e+01 1.392174e-01
2.860285e+01 1.453517e-01
2.608606e+01 2.472607e-01
2.802754e+01 1.590013e-01
2.821336e+01 1.328324e-01
2.806940e+01 1.801696e-01
2.595614e+01 2.310103e-01
2.675353e+01 1.906178e-01
2.480294e+01 1.899923e-01
2.631124e+01 2.493127e-01
2.781338e+01 1.448967e-01
2.814874e+01 1.646245e-01
2.845731e+01 1.392172e-01
2.853969e+01 1.453692e-01
2.821502e+01 1.545143e-01
2.809505e+01 1.548307e-01
2.813253e+01 1.317336e-01
2.819789e+01 1.652047e-01
2.678707e+01 1.889874e-01
2.591944e+01 2.513382e-01
2.830668e+01 1.643462e-01
2.763904e+01 1.565493e-01
2.496611e+01 1.903362e-01
2.867056e+01 1.395255e-01
2.604395e+01 2.253565e-01
2.849184e+01 1.456914e-01
2.792211e+01 1.495967e-01
2.793637e+01 1.538128e-01
2.813059e+01 1.324471e-01
2.595823e+01 2.535071e-01
2.823600e+01 1.653282e-01
2.689306e+01 1.942800e-01
2.843843e+01 1.651873e-01
2.856733e+01 1.410759e-01
2.831143e+01 1.452866e-01
2.724569e+01 1.765995e-01
2.459378e+01 1.898987e-01
2.598367e+01 2.284983e-01
2.805800e+01 1.517872e-01
2.818979e+01 1.320615e-01
2.819385e+01 1.468885e-01
2.574588e+01 2.561860e-01
2.844753e+01 1.714392e-01
2.856430e+01 1.657909e-01
2.674802e+01 1.963973e-01
2.869016e+01 1.393150e-01
2.850029e+01 1.358013e-01
2.809626e+01 1.882091e-01
2.809814e+01 1.322058e-01
2.479095e+01 1.912173e-01
2.800493e+01 1.489386e-01
2.592569e+01 2.580604e-01
2.783266e+01 1.497477e-01
2.590009e+01 2.294108e-01
2.849789e+01 1.661369e-01
2.848655e+01 1.713117e-01
2.842053e+01 1.387876e-01
2.684436e+01 2.032745e-01
2.309626e+01 9.049604e-02
2.327116e+01 9.030998e-02
2.319294e+01 8.951869e-02
2.836634e+01 1.333980e-01
2.801635e+01 1.462401e-01
2.591696e+01 2.595938e-01
2.833624e+01 1.320556e-01
2.800885e+01 1.915629e-01
2.848219e+01 1.671676e-01
2.798052e+01 1.409488e-01
2.479575e+01 1.906142e-01
2.863907e+01 1.383917e-01
2.648440e+01 2.346251e-01
2.825675e+01 1.439312e-01
2.789620e+01 1.773072e-01
2.663411e+01 2.028031e-01
2.851243e+01 1.652670e-01
2.591174e+01 2.617275e-01
2.858688e+01 1.314150e-01
2.833005e+01 1.317209e-01
2.728646e+01 1.873140e-01
2.850522e+01 1.440536e-01
2.778189e+01 1.390728e-01
2.835290e+01 1.380974e-01
2.489626e+01 1.916177e-01
2.809190e+01 1.802662e-01
2.829125e+01 1.668176e-01
2.577360e+01 2.629204e-01
2.612864e+01 2.364784e-01
2.681624e+01 2.067415e-01
2.811885e+01 1.321728e-01
2.851089e+01 1.328632e-01
2.815147e+01 1.436333e-01
2.636401e+01 1.777019e-01
2.849912e+01 1.379948e-01
2.632930e+01 1.415945e-01
2.811670e+01 1.679119e-01
2.572520e+01 2.658146e-01
2.469310e+01 1.925375e-01
2.811350e+01 1.828928e-01
2.854997e+01 1.439959e-01
2.822285e+01 1.323115e-01
2.838440e+01 1.386693e-01
2.609581e+01 2.345159e-01
2.650275e+01 1.756106e-01
2.842386e+01 1.491609e-01
2.692417e+01 2.119685e-01
2.601790e+01 1.413235e-01
2.831003e+01 1.646072e-01
2.567535e+01 2.668996e-01
2.841475e+01 1.449460e-01
2.833641e+01 1.841450e-01
2.817677e+01 1.318805e-01
2.453483e+01 1.930917e-01
2.860591e+01 1.490503e-01
2.693604e+01 1.869025e-01
2.857216e+01 1.373164e-01
2.839734e+01 1.611195e-01
2.619914e+01 1.388197e-01
2.589152e+01 2.693801e-01
2.603596e+01 2.350125e-01
2.845301e+01 1.454525e-01
2.646934e+01 2.148443e-01
2.842663e+01 1.409170e-01
2.689421e+01 1.928675e-01
2.697324e+01 1.847288e-01
2.835695e+01 1.312115e-01
2.855867e+01 1.329355e-01
2.853444e+01 1.606156e-01
2.619586e+01 1.943411e-01
2.674530e+01 1.380118e-01
2.579922e+01 2.700716e-01
2.831923e+01 1.460640e-01
2.856416e+01 1.351001e-01
2.602541e+01 2.203549e-01
2.591185e+01 1.991022e-01
2.816992e+01 1.613676e-01
2.849867e+01 1.431325e-01
2.835142e+01 1.308622e-01
2.673355e+01 1.877368e-01
2.835648e+01 1.402273e-01
2.582380e+01 2.705917e-01
2.765351e+01 1.950133e-01
2.841675e+01 1.441603e-01
2.701450e+01 2.181840e-01
2.855228e+01 1.325303e-01
2.792419e+01 2.070474e-01
2.827185e+01 1.645978e-01
2.836320e+01 1.434943e-01
2.790606e+01 2.715691e-01
2.821083e+01 1.316965e-01
2.843617e+01 1.366368e-01
2.672690e+01 1.889320e-01
2.646522e+01 2.294821e-01
2.847080e+01 1.431334e-01
2.802748e+01 1.934986e-01
2.838089e+01 1.341177e-01
2.814306e+01 1.865442e-01
2.768263e+01 1.689109e-01
2.802730e+01 2.714830e-01
2.658907e+01 2.194551e-01
2.802493e+01 1.507076e-01
2.823224e+01 1.351469e-01
2.826683e+01 1.319220e-01
2.677751e+01 1.893870e-01
2.850973e+01 1.374104e-01
2.793233e+01 1.935744e-01
2.837451e+01 1.401216e-01
2.596805e+01 2.263605e-01
2.778920e+01 2.725258e-01
2.830486e+01 1.677124e-01
2.192930e+01 1.168443e-01
2.195638e+01 1.179971e-01
2.200885e+01 1.165201e-01
2.813164e+01 1.939051e-01
2.835283e+01 1.393043e-01
2.836953e+01 1.360700e-01
2.830908e+01 1.557759e-01
2.676018e+01 1.906267e-01
2.793684e+01 2.178185e-01
2.864409e+01 1.322585e-01
2.828225e+01 1.501582e-01
2.798511e+01 1.827584e-01
2.789574e+01 2.693323e-01
2.859229e+01 1.586493e-01
2.830089e+01 1.396452e-01
2.592385e+01 2.190958e-01
2.842450e+01 1.367425e-01
2.811536e+01 1.603272e-01
2.804252e+01 1.948093e-01
2.807300e+01 1.503851e-01
2.681199e+01 1.913642e-01
2.759921e+01 2.699280e-01
2.859685e+01 1.479897e-01
2.563774e+01 1.985727e-01
2.737640e+01 1.705003e-01
2.834516e+01 1.374593e-01
2.792477e+01 2.217439e-01
2.785985e+01 1.628270e-01
2.603680e+01 2.328126e-01
2.812220e+01 1.527459e-01
2.835163e+01 1.399346e-01
2.572227e+01 2.690793e-01
2.525049e+01 1.674481e-01
2.697465e+01 1.925415e-01
2.792174e+01 1.983370e-01
2.856056e+01 1.468142e-01
2.845059e+01 1.370393e-01
2.794016e+01 1.537141e-01
2.755004e+01 1.600293e-01
2.554990e+01 2.681915e-01
2.732277e+01 1.645453e-01
2.798793e+01 1.946475e-01
2.777107e+01 2.232523e-01
2.639905e+01 2.372429e-01
2.807216e+01 2.081042e-01
2.666923e+01 1.923020e-01
2.843999e+01 1.357116e-01
2.853151e+01 1.459597e-01
2.821790e+01 1.545412e-01
2.567491e+01 2.679679e-01
2.757295e+01 1.512863e-01
2.815781e+01 1.403251e-01
2.609330e+01 1.608832e-01
2.630810e+01 2.161283e-01
2.698066e+01 1.940241e-01
2.819729e+01 1.357392e-01
2.805735e+01 1.539754e-01
2.620454e+01 2.309708e-01
2.838299e+01 1.478944e-01
2.799537e+01 2.240369e-01
2.581789e+01 2.710342e-01
2.758343e+01 1.698617e-01
2.466078e+01 1.682499e-01
2.635811e+01 2.121885e-01
2.797449e+01 1.953260e-01
2.823901e+01 1.356527e-01
2.111348e+01 1.328380e-01
2.107479e+01 1.336261e-01
2.110652e+01 1.323292e-01
2.820261e+01 1.538204e-01
2.680312e+01 1.957593e-01
2.291555e+01 1.455234e-01
2.300365e+01 1.447449e-01
2.570429e+01 2.711013e-01
2.315944e+01 1.449441e-01
2.863250e+01 1.181260e-01
2.761036e+01 1.808565e-01
2.464379e+01 1.652734e-01
2.519084e+01 2.045508e-01
2.799288e+01 2.219692e-01
2.833257e+01 1.412262e-01
2.649091e+01 2.044119e-01
2.823309e+01 1.355923e-01
2.807751e+01 1.541083e-01
2.599647e+01 2.667792e-01
2.644934e+01 1.958852e-01
2.625143e+01 1.822779e-01
2.757195e+01 1.869101e-01
2.445439e+01 1.648499e-01
2.824533e+01 1.952696e-01
2.823316e+01 1.397926e-01
2.798561e+01 2.107124e-01
2.832729e+01 1.549398e-01
2.847324e+01 1.353313e-01
2.586572e+01 2.659960e-01
2.808707e+01 1.409019e-01
2.803053e+01 2.210488e-01
2.614376e+01 1.972649e-01
2.680702e+01 1.969755e-01
2.739282e+01 1.850856e-01
2.520934e+01 1.603934e-01
2.795342e+01 1.552316e-01
2.819237e+01 2.183055e-01
2.865435e+01 1.376005e-01
2.844393e+01 1.352319e-01
2.567547e+01 2.646555e-01
2.619811e+01 1.923768e-01
2.808212e+01 1.955677e-01
2.669831e+01 1.975223e-01
2.766607e+01 1.808193e-01
2.788940e+01 2.214083e-01
2.821580e+01 1.549029e-01
2.649756e+01 2.364207e-01
2.495608e+01 1.559712e-01
2.827825e+01 1.413521e-01
2.839427e+01 1.350501e-01
2.731815e+01 2.663213e-01
2.508446e+01 2.070946e-01
2.810934e+01 1.550946e-01
2.755156e+01 1.792362e-01
2.763002e+01 2.372201e-01
2.661212e+01 1.982954e-01
2.858138e+01 1.347830e-01
2.854072e+01 1.446619e-01
2.581629e+01 2.662700e-01
2.431789e+01 1.558960e-01
2.800988e+01 1.961023e-01
2.811297e+01 2.223083e-01
2.836045e+01 1.556014e-01
2.787361e+01 2.431069e-01
2.774812e+01 1.786908e-01
2.637638e+01 2.458720e-01
2.834723e+01 1.346631e-01
2.645717e+01 1.986112e-01
2.581460e+01 2.658549e-01
2.856170e+01 1.450937e-01
2.478785e+01 1.603092e-01
2.826791e+01 1.549216e-01
2.607116e+01 2.407114e-01
2.841848e+01 1.352659e-01
2.754347e+01 1.781661e-01
2.578031e+01 2.635570e-01
2.807454e+01 1.965741e-01
2.803438e+01 2.225865e-01
2.853182e+01 1.470391e-01
2.802536e+01 1.987148e-01
2.812278e+01 1.554108e-01
2.799289e+01 2.306599e-01
2.475513e+01 1.630235e-01
2.838252e+01 1.347608e-01
2.566812e+01 2.623638e-01
2.533826e+01 2.216955e-01
2.775672e+01 1.762912e-01
2.820758e+01 7.921230e-02
2.824796e+01 7.883862e-02
2.824581e+01 7.828507e-02
2.827316e+01 1.475864e-01
2.814371e+01 1.420458e-01
2.801506e+01 1.995492e-01
2.825473e+01 1.553402e-01
2.824584e+01 1.428062e-01
2.423289e+01 1.658696e-01
2.554653e+01 2.611890e-01
2.833132e+01 1.355595e-01
2.676518e+01 2.212936e-01
2.821982e+01 1.975327e-01
2.773175e+01 1.742629e-01
2.873094e+01 1.274956e-01
2.814204e+01 1.556658e-01
2.837459e+01 1.489780e-01
2.794449e+01 2.019885e-01
2.582770e+01 2.602927e-01
2.825475e+01 1.352730e-01
2.431868e+01 1.673432e-01
2.857784e+01 1.282841e-01
2.800557e+01 1.714019e-01
2.813194e+01 1.553815e-01
2.856231e+01 1.500605e-01
2.601203e+01 2.268467e-01
2.797786e+01 2.036068e-01
2.666037e+01 2.206094e-01
2.585393e+01 2.583243e-01
2.821637e+01 1.352279e-01
2.814927e+01 1.962230e-01
2.847064e+01 1.291571e-01
2.829048e+01 1.555620e-01
2.443465e+01 1.579722e-01
2.773894e+01 1.708976e-01
2.580923e+01 2.602177e-01
2.825396e+01 1.530129e-01
2.797833e+01 2.035982e-01
2.810171e+01 1.365567e-01
2.835010e+01 1.552825e-01
2.863743e+01 1.291175e-01
2.758702e+01 2.213579e-01
2.578708e+01 2.587236e-01
2.752113e+01 1.705376e-01
2.407996e+01 1.500985e-01
2.835804e+01 1.510546e-01
2.806024e+01 2.028219e-01
2.876405e+01 1.354012e-01
2.845199e+01 1.564822e-01
2.843309e+01 1.305166e-01
2.803101e+01 1.971773e-01
2.570255e+01 2.579284e-01
2.774991e+01 1.562824e-01
2.528272e+01 2.311792e-01
2.793288e+01 1.490040e-01
2.173449e+01 1.498064e-01
2.199502e+01 1.486522e-01
2.193391e+01 1.486874e-01
2.804310e+01 2.199124e-01
2.854447e+01 1.511977e-01
2.859482e+01 1.363409e-01
2.609047e+01 1.010022e-01
2.863397e+01 1.315912e-01
2.798068e+01 2.043848e-01
2.792648e+01 2.569966e-01
2.751212e+01 1.476235e-01
2.594104e+01 1.274762e-01
2.789362e+01 1.472941e-01
2.850955e+01 1.381763e-01
2.864877e+01 1.319691e-01
2.831457e+01 1.544975e-01
2.812011e+01 1.389740e-01
2.589548e+01 2.579333e-01
2.812855e+01 2.045310e-01
2.791642e+01 1.972669e-01
2.791501e+01 2.233862e-01
2.590928e+01 1.260181e-01
2.749090e+01 1.473781e-01
2.865796e+01 1.371862e-01
2.853390e+01 1.331602e-01
2.805845e+01 1.407783e-01
2.593225e+01 2.571333e-01
2.843748e+01 1.561165e-01
2.807741e+01 2.063794e-01
2.851641e+01 1.324097e-01
2.644548e+01 1.246893e-01
2.859242e+01 1.352558e-01
2.749380e+01 1.548868e-01
2.814526e+01 2.249471e-01
2.586692e+01 2.563448e-01
2.796317e+01 1.527087e-01
2.661846e+01 2.054189e-01
2.841152e+01 1.568879e-01
2.831271e+01 1.984237e-01
2.464902e+01 2.326033e-01
2.859100e+01 1.331659e-01
2.852070e+01 1.321326e-01
2.617357e+01 1.245918e-01
2.581286e+01 2.568304e-01
2.731295e+01 1.504354e-01
2.837096e+01 1.535734e-01
2.653342e+01 2.066740e-01
2.835281e+01 1.560902e-01
2.838036e+01 1.343735e-01
2.847438e+01 1.328942e-01
2.806458e+01 2.258230e-01
2.830945e+01 1.274531e-01
2.579935e+01 2.571162e-01
2.736032e+01 1.723305e-01
2.807558e+01 1.990057e-01
2.753184e+01 2.069848e-01
2.813623e+01 1.532475e-01
2.861765e+01 1.340697e-01
2.853781e+01 1.336483e-01
2.821648e+01 1.533646e-01
2.610312e+01 1.236709e-01
2.586476e+01 2.575438e-01
2.719177e+01 1.909275e-01
2.620091e+01 2.223234e-01
2.869886e+01 1.348500e-01
2.806140e+01 1.394184e-01
2.840573e+01 1.362875e-01
2.794902e+01 2.081899e-01
2.837651e+01 1.378257e-01
2.817388e+01 1.546659e-01
2.805147e+01 1.996388e-01
2.580886e+01 2.565156e-01
2.621822e+01 1.196174e-01
2.787127e+01 1.954225e-01
2.855266e+01 1.354216e-01
2.523786e+01 2.302907e-01
2.838088e+01 1.355662e-01
2.812277e+01 2.100956e-01
2.701691e+01 1.421229e-01
2.602616e+01 2.222359e-01
2.597800e+01 2.568136e-01
2.829259e+01 1.544322e-01
2.781259e+01 2.016938e-01
2.855801e+01 1.358385e-01
2.835741e+01 1.265532e-01
2.807612e+01 1.339863e-01
2.800226e+01 2.003996e-01
2.658270e+01 2.101558e-01
2.827679e+01 1.444649e-01
2.782945e+01 2.586306e-01
2.874512e+01 1.355374e-01
2.611220e+01 2.220545e-01
2.855250e+01 1.542854e-01
2.786666e+01 1.910160e-01
2.818788e+01 1.344667e-01
2.628902e+01 1.292146e-01
2.793860e+01 2.006866e-01
2.631920e+01 2.104300e-01
2.717968e+01 1.455741e-01
2.820277e+01 2.619550e-01
2.845362e+01 1.356238e-01
2.810482e+01 1.343207e-01
2.791104e+01 1.945338e-01
2.584621e+01 1.276506e-01
2.816808e+01 1.543083e-01
2.647460e+01 2.281155e-01
2.607470e+01 2.246488e-01
2.791484e+01 1.403666e-01
2.543152e+01 2.091966e-01
2.806570e+01 2.566339e-01
2.857021e+01 1.357902e-01
2.813872e+01 1.325517e-01
2.817708e+01 1.457343e-01
2.809210e+01 1.999333e-01
2.766165e+01 1.798960e-01
2.575830e+01 1.319628e-01
2.812389e+01 1.547118e-01
2.806769e+01 2.574166e-01
2.637222e+01 2.256735e-01
2.846246e+01 1.362552e-01
2.653813e+01 2.109822e-01
2.820522e+01 1.324287e-01
2.826351e+01 1.455441e-01
2.796639e+01 1.779526e-01
2.823785e+01 2.005486e-01
2.616218e+01 1.331651e-01
2.577661e+01 2.577941e-01
2.855430e+01 1.360955e-01
2.828021e+01 1.322912e-01
2.601899e+01 2.119274e-01
2.815191e+01 1.556734e-01
2.559973e+01 1.922428e-01
2.645689e+01 2.290908e-01
2.695912e+01 1.432156e-01
2.638269e+01 2.296898e-01
2.584726e+01 2.604547e-01
2.580736e+01 1.333216e-01
2.868985e+01 1.373052e-01
2.801088e+01 2.007441e-01
2.808265e+01 1.331542e-01
2.624805e+01 2.121771e-01
2.688674e+01 1.950457e-01
2.829485e+01 1.538172e-01
2.783049e+01 1.417279e-01
2.598525e+01 2.598311e-01
2.810706e+01 1.407236e-01
2.661207e+01 2.289185e-01
2.856705e+01 1.383757e-01
2.597849e+01 1.322546e-01
2.818606e+01 1.321748e-01
2.672097e+01 2.023881e-01
2.647054e+01 2.128110e-01
2.825712e+01 2.006773e-01
2.789326e+01 2.584331e-01
2.840440e+01 1.382862e-01
2.820152e+01 1.428237e-01
2.839270e+01 1.525821e-01
2.826686e+01 1.320822e-01
2.610073e+01 1.334273e-01
2.495932e+01 2.136684e-01
2.646082e+01 2.224163e-01
2.643435e+01 2.142573e-01
2.804146e+01 2.582189e-01
2.528783e+01 2.255729e-01
2.840499e+01 1.372984e-01
2.739259e+01 1.432707e-01
2.809510e+01 1.319214e-01
2.791517e+01 2.000207e-01
2.834925e+01 1.510215e-01
2.617835e+01 2.030216e-01
2.569785e+01 1.330048e-01
2.740201e+01 2.557222e-01
2.834140e+01 1.420373e-01
2.659676e+01 2.130668e-01
2.633107e+01 2.252797e-01
2.818293e+01 1.314965e-01
2.682775e+01 1.435387e-01
2.622646e+01 2.147690e-01
2.820806e+01 1.992353e-01
2.853699e+01 1.421835e-01
2.597137e+01 2.553982e-01
2.829834e+01 1.517315e-01
2.575307e+01 1.318764e-01
2.663903e+01 2.139386e-01
2.813204e+01 1.320568e-01
2.597121e+01 2.277701e-01
2.822094e+01 1.447789e-01
2.840673e+01 1.436175e-01
2.720596e+01 2.566128e-01
2.779269e+01 1.427291e-01
2.779822e+01 2.043911e-01
2.799655e+01 1.994495e-01
2.813403e+01 1.323314e-01
2.632616e+01 2.252218e-01
2.624519e+01 2.156093e-01
2.567988e+01 1.313683e-01
2.823467e+01 1.510729e-01
2.842731e+01 1.435818e-01
2.722377e+01 2.575179e-01
2.708389e+01 1.459426e-01
2.754877e+01 2.164739e-01
2.799667e+01 1.318047e-01
2.522567e+01 2.281619e-01
2.811311e+01 2.012511e-01
2.831823e+01 1.438548e-01
2.617588e+01 2.158095e-01
2.604820e+01 1.311799e-01
2.782683e+01 2.547185e-01
2.836860e+01 1.516716e-01
2.749843e+01 2.173431e-01
2.784828e+01 1.470726e-01
2.826523e+01 1.322208e-01
2.594878e+01 9.824805e-02
2.585695e+01 9.730836e-02
2.597379e+01 9.784573e-02
2.861260e+01 1.445928e-01
2.599416e+01 2.166150e-01
2.603937e+01 2.549566e-01
2.634822e+01 2.163346e-01
2.663579e+01 2.255697e-01
2.594978e+01 1.322510e-01
2.845002e+01 1.510379e-01
2.828803e+01 1.319871e-01
2.785255e+01 2.151737e-01
2.639621e+01 2.253041e-01
2.828685e+01 1.456020e-01
2.639865e+01 1.588371e-01
2.779549e+01 1.479299e-01
2.617264e+01 2.528395e-01
2.661334e+01 2.171663e-01
2.815718e+01 1.315666e-01
2.841733e+01 1.478816e-01
2.590811e+01 1.326323e-01
2.633248e+01 2.188150e-01
2.628735e+01 1.384544e-01
2.829440e+01 1.506136e-01
2.648041e+01 2.320465e-01
2.796991e+01 1.492369e-01
2.576758e+01 2.502199e-01
2.850009e+01 1.487760e-01
2.825200e+01 1.326810e-01
2.630700e+01 2.165784e-01
2.583895e+01 1.348804e-01
2.622795e+01 2.248922e-01
2.867999e+01 1.367246e-01
2.775432e+01 2.500383e-01
2.803264e+01 1.505826e-01
2.804967e+01 1.436670e-01
2.837497e+01 1.513965e-01
2.839314e+01 1.482458e-01
2.823604e+01 1.318722e-01
2.516620e+01 2.300680e-01
2.596654e+01 2.292655e-01
2.877150e+01 1.369219e-01
2.630563e+01 2.185663e-01
2.795215e+01 2.499896e-01
2.774541e+01 2.250454e-01
2.564235e+01 1.328174e-01
2.810019e+01 1.529584e-01
2.843813e+01 1.488272e-01
2.832180e+01 1.318611e-01
2.829985e+01 1.532528e-01
2.871667e+01 1.374615e-01
2.585965e+01 2.486959e-01
2.766192e+01 2.210608e-01
2.657209e+01 2.174605e-01
2.806269e+01 1.492832e-01
2.634388e+01 2.311501e-01
2.555778e+01 1.350792e-01
2.815547e+01 1.552353e-01
2.842441e+01 1.316707e-01
2.832414e+01 1.299842e-01
2.557621e+01 2.480474e-01
2.828511e+01 1.558645e-01
2.819207e+01 1.498815e-01
2.747597e+01 2.313199e-01
2.637404e+01 2.190528e-01
2.647025e+01 2.286871e-01
2.567783e+01 1.333205e-01
2.838781e+01 1.308487e-01
2.806577e+01 1.579179e-01
2.889800e+01 1.319817e-01
2.467733e+01 2.299378e-01
2.838212e+01 1.507471e-01
2.580610e+01 2.479350e-01
2.593894e+01 2.321336e-01
2.831046e+01 1.577541e-01
2.829792e+01 1.319606e-01
2.598378e+01 2.190107e-01
2.859658e+01 1.311614e-01
2.789052e+01 1.545438e-01
2.592588e+01 1.356916e-01
2.851132e+01 1.514711e-01
2.596781e+01 2.487674e-01
2.391958e+01 2.370193e-01
2.681295e+01 2.384527e-01
2.671773e+01 2.379788e-01
2.683037e+01 2.386280e-01
2.587333e+01 2.304212e-01
2.832681e+01 1.598950e-01
2.819656e+01 1.304372e-01
2.820574e+01 1.375459e-01
2.638450e+01 2.195047e-01
2.819646e+01 1.506239e-01
2.821036e+01 1.539959e-01
2.568410e+01 2.468025e-01
2.568022e+01 1.354293e-01
2.565731e+01 2.301807e-01
2.430571e+01 2.294278e-01
2.824866e+01 1.169225e-01
2.805148e+01 1.561782e-01
2.825629e+01 1.611309e-01
2.813212e+01 1.504920e-01
2.369527e+01 1.144558e-01
2.363433e+01 1.145485e-01
2.355820e+01 1.152027e-01
2.479799e+01 2.294168e-01
2.576253e+01 2.207077e-01
2.578040e+01 2.061944e-01
2.798039e+01 1.542225e-01
2.427085e+01 2.272062e-01
2.859039e+01 1.354116e-01
2.825567e+01 1.030463e-01
2.839402e+01 1.547798e-01
2.854375e+01 1.503824e-01
2.807127e+01 1.640131e-01
2.592449e+01 1.940759e-01
2.640107e+01 2.213445e-01
2.582603e+01 2.221705e-01
2.787966e+01 1.553627e-01
2.565125e+01 2.277205e-01
2.454256e+01 9.608351e-02
2.842142e+01 1.509168e-01
2.637927e+01 2.347227e-01
2.850022e+01 1.375804e-01
2.845909e+01 1.535890e-01
2.594149e+01 1.888809e-01
2.816395e+01 1.674217e-01
2.777077e+01 2.503090e-01
2.786623e+01 1.430501e-01
2.633461e+01 2.213822e-01
2.847578e+01 1.515182e-01
2.805083e+01 1.558418e-01
2.621558e+01 9.672866e-02
2.466729e+01 2.328445e-01
2.845098e+01 1.388999e-01
2.834697e+01 1.509433e-01
2.589172e+01 1.886341e-01
2.829423e+01 1.702316e-01
2.744427e+01 2.530829e-01
2.828195e+01 1.505868e-01
2.637166e+01 2.212848e-01
2.594015e+01 1.022856e-01
2.808285e+01 1.570748e-01
2.838537e+01 1.392474e-01
2.833620e+01 1.480762e-01
2.605747e+01 1.833837e-01
2.467596e+01 2.320513e-01
2.463528e+01 2.286338e-01
2.832125e+01 1.499680e-01
2.818069e+01 1.723397e-01
2.743203e+01 2.549101e-01
2.612529e+01 1.115905e-01
2.631817e+01 2.216716e-01
2.810342e+01 1.577595e-01
2.858730e+01 1.417994e-01
2.816287e+01 1.483693e-01
2.808866e+01 1.693068e-01
2.833571e+01 1.505132e-01
2.604647e+01 2.675666e-01
2.831368e+01 1.736526e-01
2.620843e+01 2.342765e-01
2.592452e+01 1.122140e-01
2.645437e+01 2.244280e-01
2.831950e+01 1.522279e-01
2.858747e+01 1.409926e-01
2.801761e+01 1.674065e-01
2.796508e+01 1.590360e-01
2.784444e+01 1.560880e-01
2.454771e+01 2.696516e-01
2.639358e+01 2.315450e-01
2.846745e+01 1.757952e-01
2.613410e+01 1.167564e-01
2.584922e+01 2.326898e-01
2.823751e+01 1.523902e-01
2.833123e+01 1.593884e-01
2.620752e+01 2.250046e-01
2.864440e+01 1.410090e-01
2.775883e+01 1.598352e-01
2.778343e+01 2.715307e-01
2.763215e+01 1.550154e-01
2.821953e+01 1.767024e-01
2.825686e+01 1.273577e-01
2.858142e+01 1.515010e-01
2.809148e+01 1.448385e-01
2.784295e+01 1.533844e-01
2.631003e+01 2.349753e-01
2.588735e+01 2.327236e-01
2.810215e+01 1.468073e-01
2.639145e+01 2.259909e-01
2.780534e+01 2.561451e-01
2.756421e+01 1.608526e-01
2.755166e+01 1.503617e-01
2.834059e+01 1.769190e-01
2.816591e+01 1.386243e-01
2.829643e+01 1.517023e-01
2.702750e+01 1.487323e-01
2.576671e+01 2.368109e-01
2.831127e+01 1.470267e-01
2.773900e+01 2.513230e-01
2.614850e+01 2.256363e-01
2.849659e+01 1.507186e-01
2.808131e+01 1.617852e-01
2.798763e+01 1.459130e-01
2.751844e+01 1.463537e-01
2.809276e+01 1.783581e-01
2.670216e+01 1.564645e-01
2.469614e+01 2.342461e-01
2.805157e+01 2.301364e-01
2.845056e+01 1.424347e-01
2.827631e+01 1.518109e-01
2.625432e+01 2.248632e-01
2.603112e+01 2.352329e-01
2.814453e+01 1.584398e-01
2.762904e+01 1.452208e-01
2.768545e+01 1.625387e-01
2.830720e+01 1.777067e-01
2.797318e+01 1.611926e-01
2.741811e+01 1.670430e-01
2.745567e+01 1.674043e-01
2.742972e+01 1.677085e-01
2.800742e+01 1.501808e-01
2.858710e+01 1.511660e-01
2.849117e+01 1.495354e-01
2.793384e+01 1.590589e-01
2.643324e+01 2.255594e-01
2.778965e+01 1.615928e-01
2.750484e+01 1.441657e-01
2.821932e+01 1.472098e-01
2.819696e+01 1.769707e-01
2.453694e+01 2.376444e-01
2.786467e+01 1.622352e-01
2.861233e+01 1.505784e-01
2.467928e+01 2.335075e-01
2.817069e+01 1.521479e-01
2.814990e+01 1.601251e-01
2.781977e+01 2.249738e-01
2.796030e+01 1.575737e-01
2.828219e+01 1.511391e-01
2.782379e+01 1.394191e-01
2.811600e+01 1.468712e-01
2.828367e+01 1.765586e-01
2.807737e+01 1.461770e-01
2.754023e+01 1.638161e-01
2.339113e+01 1.187542e-01
2.334794e+01 1.178595e-01
2.336017e+01 1.181821e-01
2.618807e+01 2.359231e-01
2.811993e+01 1.517915e-01
2.621362e+01 2.143243e-01
2.856854e+01 1.516381e-01
2.786872e+01 2.250334e-01
2.787499e+01 1.661754e-01
2.634752e+01 1.920436e-01
2.819070e+01 1.291666e-01
2.809679e+01 1.564351e-01
2.469965e+01 2.332637e-01
2.824796e+01 1.771762e-01
2.827105e+01 1.484256e-01
2.748877e+01 1.649339e-01
2.519069e+01 2.383412e-01
2.813904e+01 1.516190e-01
2.760934e+01 1.605455e-01
2.789497e+01 2.265283e-01
2.600578e+01 2.072493e-01
2.821364e+01 1.653190e-01
2.830155e+01 1.312126e-01
2.843587e+01 1.760367e-01
2.842609e+01 1.457180e-01
2.752654e+01 1.650795e-01
2.836489e+01 1.520710e-01
2.780501e+01 2.431334e-01
2.631374e+01 2.010756e-01
2.465334e+01 2.368042e-01
2.793313e+01 1.611531e-01
2.773817e+01 2.265463e-01
2.798780e+01 1.684319e-01
2.843770e+01 1.453265e-01
2.847749e+01 1.519388e-01
2.818226e+01 1.362541e-01
2.845674e+01 1.725512e-01
2.730984e+01 1.659187e-01
2.518428e+01 1.863979e-01
2.791272e+01 2.416183e-01
2.806457e+01 1.625470e-01
2.836272e+01 1.526333e-01
2.619328e+01 1.823622e-01
2.797965e+01 2.250469e-01
2.811532e+01 1.454740e-01
2.841013e+01 1.293815e-01
2.835762e+01 1.705369e-01
2.490830e+01 2.374664e-01
2.502271e+01 1.761717e-01
2.746468e+01 1.661489e-01
2.818849e+01 1.528468e-01
2.802692e+01 1.674903e-01
2.801504e+01 1.446917e-01
2.588931e+01 1.653616e-01
2.794289e+01 2.230459e-01
2.820428e+01 1.479786e-01
2.773183e+01 2.399659e-01
2.809988e+01 1.317495e-01
2.490296e+01 2.046683e-01
2.821312e+01 1.530205e-01
2.839450e+01 1.680593e-01
2.824115e+01 1.727310e-01
2.779539e+01 1.665466e-01
2.541411e+01 1.670811e-01
2.796286e+01 1.511612e-01
2.768860e+01 2.217582e-01
2.507457e+01 2.393938e-01
2.854135e+01 1.529497e-01
2.532195e+01 2.082979e-01
2.857078e+01 1.194737e-01
2.782415e+01 2.426417e-01
2.816964e+01 1.795865e-01
2.837844e+01 1.627735e-01
2.813647e+01 1.661390e-01
2.768419e+01 1.671964e-01
2.841215e+01 1.527050e-01
2.817657e+01 1.525558e-01
2.487483e+01 2.124213e-01
2.496992e+01 2.240653e-01
2.862648e+01 1.319459e-01
2.819553e+01 1.781808e-01
2.761777e+01 1.413014e-01
2.832648e+01 1.535501e-01
2.840094e+01 1.606882e-01
2.482874e+01 2.234036e-01
2.768733e+01 2.455378e-01
2.777637e+01 2.387497e-01
2.815155e+01 1.529587e-01
2.782115e+01 1.665728e-01
2.857469e+01 1.332496e-01
2.458121e+01 2.230502e-01
2.794976e+01 1.819689e-01
2.829450e+01 1.532732e-01
2.784379e+01 1.228572e-01
2.441026e+01 2.322219e-01
2.832479e+01 1.592277e-01
2.858026e+01 1.301329e-01
2.805506e+01 1.532070e-01
2.836769e+01 1.535024e-01
2.531722e+01 1.828582e-01
2.769697e+01 1.673312e-01
2.784080e+01 2.221418e-01
2.766370e+01 2.428965e-01
2.420253e+01 2.512873e-01
2.754502e+01 1.181333e-01
2.779449e+01 1.444977e-01
2.829663e+01 1.596778e-01
2.828371e+01 1.540817e-01
2.834669e+01 1.329275e-01
2.783477e+01 2.416049e-01
2.630931e+01 1.749322e-01
2.810281e+01 1.547905e-01
2.432926e+01 2.274680e-01
2.756119e+01 1.658342e-01
2.567709e+01 2.238507e-01
2.777606e+01 1.442407e-01
2.836334e+01 1.540161e-01
2.839212e+01 1.422432e-01
2.762262e+01 2.468328e-01
2.443256e+01 2.238335e-01
2.520518e+01 1.732613e-01
2.819546e+01 1.596407e-01
2.810327e+01 1.550025e-01
2.835671e+01 1.545404e-01
2.435690e+01 2.218893e-01
2.778909e+01 1.672947e-01
2.861992e+01 1.440771e-01
2.424955e+01 2.303034e-01
2.806646e+01 1.527538e-01
2.567901e+01 1.715118e-01
2.775676e+01 2.420326e-01
2.809403e+01 1.602514e-01
2.835293e+01 1.551934e-01
2.806209e+01 1.555211e-01
2.606976e+01 2.496914e-01
2.415560e+01 2.200298e-01
2.458770e+01 2.233416e-01
2.854170e+01 1.448567e-01
2.742025e+01 1.671734e-01
2.585660e+01 1.695819e-01
2.815684e+01 1.502318e-01
2.814172e+01 1.541631e-01
2.784394e+01 1.574098e-01
2.803732e+01 1.608325e-01
2.460444e+01 2.273333e-01
2.575780e+01 2.192586e-01
2.841504e+01 1.385378e-01
2.829237e+01 1.542615e-01
2.597622e+01 2.486216e-01
2.696747e+01 1.474977e-01
2.751839e+01 1.669854e-01
2.793187e+01 1.451847e-01
2.434482e+01 2.309328e-01
2.826172e+01 1.578071e-01
2.783784e+01 2.426355e-01
2.789192e+01 2.186723e-01
2.839848e+01 1.400260e-01
2.824125e+01 1.620552e-01
2.813187e+01 1.550270e-01
2.783177e+01 1.381538e-01
2.782711e+01 1.459032e-01
2.407965e+01 2.331253e-01
2.821952e+01 1.458856e-01
2.730509e+01 1.666916e-01
2.829331e+01 1.546738e-01
2.810152e+01 1.601403e-01
2.858601e+01 1.421745e-01
2.814413e+01 2.224679e-01
2.779146e+01 2.494756e-01
2.819628e+01 1.631030e-01
2.391100e+01 2.406455e-01
2.770594e+01 1.179065e-01
2.851184e+01 1.557016e-01
2.830267e+01 1.473126e-01
2.754932e+01 2.455588e-01
2.821042e+01 1.400604e-01
2.730471e+01 1.650771e-01
2.812129e+01 2.211004e-01
2.831143e+01 1.629592e-01
2.413459e+01 2.431391e-01
2.815607e+01 1.643027e-01
2.804836e+01 1.549543e-01
2.817454e+01 1.223241e-01
2.589402e+01 2.496433e-01
2.832437e+01 1.505264e-01
2.852083e+01 1.429898e-01
2.800976e+01 2.216281e-01
2.425909e+01 2.456344e-01
2.821236e+01 1.626902e-01
2.779401e+01 1.657583e-01
2.840075e+01 1.561316e-01
2.809920e+01 1.658176e-01
2.831532e+01 1.434257e-01
2.836985e+01 1.514831e-01
2.794348e+01 2.416343e-01
2.841719e+01 1.437850e-01
2.415154e+01 2.545531e-01
2.825722e+01 1.552235e-01
2.800177e+01 2.181787e-01
2.819976e+01 1.617699e-01
2.773893e+01 1.667342e-01
2.494103e+01 2.515383e-01
2.821552e+01 1.615726e-01
2.802632e+01 1.667048e-01
2.840966e+01 1.446951e-01
2.824156e+01 1.558126e-01
2.416074e+01 2.539536e-01
2.820074e+01 1.554960e-01
2.795495e+01 2.185070e-01
2.835192e+01 1.644956e-01
2.755194e+01 1.668677e-01
2.841632e+01 1.565350e-01
2.816856e+01 1.626139e-01
2.395812e+01 2.521676e-01
2.849614e+01 1.438403e-01
2.767601e+01 2.468804e-01
2.817189e+01 1.652360e-01
2.834176e+01 1.614294e-01
2.636011e+01 2.165402e-01
2.784209e+01 1.468675e-01
2.821247e+01 1.619965e-01
2.473377e+01 2.520793e-01
2.847360e+01 1.560532e-01
2.414919e+01 2.503845e-01
2.853197e+01 1.434352e-01
2.825501e+01 1.638474e-01
2.833131e+01 1.655826e-01
2.432752e+01 2.185293e-01
2.767592e+01 1.663191e-01
2.802952e+01 1.670187e-01
2.833281e+01 1.566339e-01
2.821288e+01 1.631013e-01
2.404365e+01 2.484610e-01
2.827952e+01 1.427632e-01
2.490914e+01 2.430545e-01
2.832858e+01 1.638256e-01
2.788696e+01 2.150708e-01
2.819208e+01 1.705565e-01
2.566293e+01 2.522437e-01
2.845508e+01 1.572613e-01
2.809594e+01 1.676053e-01
2.748529e+01 1.678870e-01
2.851694e+01 1.442644e-01
2.417827e+01 2.472546e-01
2.837197e+01 1.645208e-01
2.828924e+01 1.571725e-01
2.837573e+01 1.704708e-01
2.811235e+01 2.163749e-01
2.803679e+01 1.639294e-01
2.833872e+01 1.447200e-01
2.437985e+01 2.411448e-01
2.773072e+01 1.686134e-01
2.397104e+01 7.971342e-02
2.401432e+01 7.908895e-02
2.374818e+01 7.913919e-02
2.771858e+01 1.676792e-01
2.609220e+01 1.586583e-01
2.790847e+01 2.538446e-01
2.729821e+01 1.702697e-01
2.818156e+01 1.660796e-01
2.416583e+01 2.171895e-01
2.389086e+01 8.738724e-02
2.362546e+01 8.772670e-02
2.808905e+01 1.638515e-01
2.375125e+01 8.701895e-02
2.783817e+01 2.326024e-01
2.855263e+01 1.451004e-01
2.529887e+01 2.471569e-01
2.836740e+01 1.518311e-01
2.787395e+01 1.482050e-01
2.718569e+01 1.518097e-01
2.578688e+01 1.586207e-01
2.835118e+01 1.434016e-01
2.778342e+01 1.664108e-01
2.426275e+01 2.184921e-01
2.802615e+01 1.656227e-01
2.533580e+01 2.318801e-01
2.840131e+01 1.443283e-01
2.811008e+01 1.629961e-01
2.799575e+01 2.551761e-01
2.693920e+01 1.438071e-01
2.737366e+01 1.572633e-01
2.852329e+01 1.443841e-01
2.391547e+01 2.164336e-01
2.391280e+01 2.270186e-01
2.824443e+01 1.442082e-01
2.729499e+01 1.655711e-01
2.798270e+01 1.654158e-01
2.820838e+01 1.626830e-01
2.787822e+01 2.479342e-01
2.634556e+01 1.611486e-01
2.830649e+01 1.444610e-01
2.626514e+01 1.546215e-01
2.756589e+01 2.239789e-01
2.853777e+01 1.438896e-01
2.395207e+01 2.157063e-01
2.788422e+01 2.541027e-01
2.755344e+01 1.671935e-01
2.832816e+01 1.754714e-01
2.867154e+01 1.436126e-01
2.826331e+01 1.622809e-01
2.822940e+01 1.653700e-01
2.654490e+01 2.196266e-01
2.630483e+01 1.662409e-01
2.834592e+01 1.432782e-01
2.411540e+01 2.174125e-01
2.848405e+01 1.932787e-01
2.781018e+01 2.574942e-01
2.486285e+01 1.019235e-01
2.445321e+01 1.025323e-01
2.486016e+01 1.017229e-01
2.683018e+01 1.657127e-01
2.414796e+01 2.182335e-01
2.796173e+01 1.419988e-01
2.818453e+01 1.634290e-01
2.843383e+01 1.448846e-01
2.808041e+01 1.663092e-01
2.589749e+01 1.505584e-01
2.841307e+01 8.352715e-02
2.835612e+01 8.362752e-02
2.428012e+01 2.185904e-01
2.839857e+01 8.348637e-02
2.794089e+01 1.492832e-01
2.542310e+01 2.499131e-01
2.793561e+01 1.760008e-01
2.689581e+01 1.507546e-01
2.393289e+01 2.131869e-01
2.827010e+01 1.424526e-01
2.787326e+01 2.560741e-01
2.807683e+01 1.637001e-01
2.804301e+01 1.578182e-01
2.370229e+01 2.193220e-01
2.816269e+01 1.645199e-01
2.590586e+01 1.740817e-01
2.856099e+01 1.446975e-01
2.666596e+01 1.519204e-01
2.820755e+01 1.428914e-01
2.416590e+01 2.095933e-01
2.808890e+01 1.634172e-01
2.764015e+01 1.650133e-01
2.391663e+01 2.189090e-01
2.779453e+01 2.548376e-01
2.839368e+01 1.451979e-01
2.611870e+01 1.826047e-01
2.673660e+01 1.552586e-01
2.791601e+01 1.653704e-01
2.809369e+01 1.427856e-01
2.412277e+01 2.112144e-01
2.574827e+01 2.531497e-01
2.800593e+01 1.631000e-01
2.367434e+01 2.177731e-01
2.759047e+01 1.613065e-01
2.583816e+01 2.080511e-01
2.832546e+01 1.422175e-01
2.823608e+01 1.444579e-01
2.626299e+01 1.676137e-01
2.658656e+01 1.545989e-01
2.643354e+01 2.586323e-01
2.824019e+01 1.663842e-01
2.383609e+01 2.182454e-01
2.800401e+01 1.656579e-01
2.798661e+01 1.622417e-01
2.822739e+01 2.024256e-01
2.839838e+01 1.425546e-01
2.771819e+01 1.331001e-01
2.689289e+01 1.552448e-01
2.836862e+01 1.450197e-01
2.597034e+01 2.594572e-01
2.386418e+01 2.178214e-01
2.809762e+01 1.682932e-01
2.776736e+01 1.991323e-01
2.806192e+01 1.656372e-01
2.820589e+01 1.653098e-01
2.807826e+01 1.432067e-01
2.462645e+01 2.521126e-01
2.688093e+01 1.521651e-01
2.805121e+01 1.226221e-01
2.827026e+01 1.451555e-01
2.815359e+01 1.961735e-01
2.392378e+01 2.174560e-01
2.786507e+01 1.698916e-01
2.811140e+01 1.650162e-01
2.822660e+01 1.423133e-01
2.778976e+01 2.623274e-01
2.673581e+01 1.512420e-01
2.800017e+01 1.659738e-01
2.809830e+01 1.460578e-01
2.782426e+01 2.004177e-01
2.479362e+01 1.252957e-01
2.839595e+01 1.276336e-01
2.487950e+01 1.246913e-01
2.475440e+01 1.261533e-01
2.796214e+01 1.419119e-01
2.796440e+01 1.776181e-01
2.771556e+01 1.727354e-01
2.663888e+01 1.293196e-01
2.852634e+01 1.450165e-01
2.656168e+01 1.514824e-01
2.797675e+01 1.997290e-01
2.649043e+01 1.643917e-01
2.795400e+01 2.618966e-01
2.789149e+01 1.167493e-01
2.795327e+01 1.658121e-01
2.830830e+01 1.424650e-01
2.622118e+01 1.743010e-01
2.758969e+01 1.799081e-01
2.608389e+01 2.521493e-01
2.693414e+01 1.531262e-01
2.648069e+01 1.660736e-01
2.801055e+01 1.977868e-01
2.832100e+01 1.425297e-01
2.625253e+01 1.859854e-01
2.808171e+01 1.424311e-01
2.774543e+01 1.777677e-01
2.618630e+01 2.590926e-01
2.696903e+01 1.520666e-01
2.797891e+01 1.652918e-01
2.855931e+01 1.449520e-01
2.621695e+01 1.675292e-01
2.511988e+01 1.968087e-01
2.796946e+01 1.420911e-01
2.614564e+01 1.816672e-01
2.761458e+01 1.711794e-01
2.705459e+01 1.540411e-01
2.818157e+01 1.556332e-01
2.659246e+01 1.707571e-01
2.671553e+01 1.947869e-01
2.594069e+01 2.606880e-01
2.810206e+01 1.659217e-01
2.832905e+01 1.418949e-01
2.574863e+01 1.836378e-01
2.792717e+01 2.523267e-01
2.649544e+01 1.724281e-01
2.775770e+01 1.677893e-01
2.664945e+01 1.539167e-01
2.826651e+01 1.514645e-01
2.593352e+01 2.029056e-01
2.846703e+01 1.460711e-01
2.831608e+01 1.418741e-01
2.346451e+01 1.586966e-01
2.343880e+01 1.595956e-01
2.332645e+01 1.597542e-01
2.532800e+01 1.748070e-01
2.799481e+01 1.672702e-01
2.552847e+01 1.727171e-01
2.470039e+01 2.163619e-01
2.671038e+01 1.542869e-01
2.781832e+01 1.600064e-01
2.788084e+01 1.638331e-01
2.462203e+01 2.022463e-01
2.833428e+01 1.419111e-01
2.556256e+01 1.729449e-01
2.743499e+01 1.755187e-01
2.558457e+01 1.989193e-01
2.650513e+01 1.544815e-01
2.806174e+01 1.646000e-01
2.763754e+01 1.562017e-01
2.805551e+01 2.534748e-01
2.771132e+01 1.985435e-01
2.795751e+01 2.022749e-01
2.820520e+01 1.430855e-01
2.833998e+01 1.445353e-01
2.557678e+01 1.747227e-01
2.828517e+01 2.189671e-01
2.682528e+01 1.546029e-01
2.615315e+01 1.994204e-01
2.774285e+01 1.587084e-01
2.818798e+01 1.653925e-01
2.792528e+01 2.025698e-01
2.570953e+01 1.725124e-01
2.829128e+01 1.426298e-01
2.379304e+01 2.324526e-01
2.812160e+01 1.639523e-01
2.800002e+01 1.575935e-01
2.535793e+01 2.055667e-01
2.764924e+01 1.584981e-01
2.576265e+01 1.731626e-01
2.799625e+01 2.021238e-01
2.816495e+01 1.425395e-01
2.822555e+01 1.664067e-01
2.389267e+01 2.406124e-01
2.830151e+01 1.433669e-01
2.760091e+01 1.443192e-01
2.817518e+01 1.562861e-01
2.618108e+01 1.760098e-01
2.540033e+01 1.777963e-01
2.794070e+01 2.558051e-01
2.761535e+01 1.549635e-01
2.834087e+01 1.434481e-01
2.824760e+01 2.050690e-01
2.814289e+01 1.473571e-01
2.502670e+01 2.068100e-01
2.825801e+01 1.652867e-01
2.784404e+01 1.344953e-01
2.573778e+01 1.820258e-01
2.823639e+01 1.575011e-01
2.621390e+01 1.741827e-01
2.833261e+01 1.431753e-01
2.787841e+01 1.478923e-01
2.787916e+01 2.072893e-01
2.388526e+01 1.997271e-01
2.844718e+01 1.431203e-01
2.807165e+01 1.201599e-01
2.816676e+01 1.657746e-01
2.575752e+01 1.853223e-01
2.643457e+01 1.682230e-01
2.789430e+01 1.590684e-01
2.834994e+01 1.431600e-01
2.797505e+01 2.064326e-01
2.768100e+01 1.599512e-01
2.378128e+01 2.023287e-01
2.776465e+01 2.545889e-01
2.543850e+01 1.897353e-01
2.819456e+01 1.233309e-01
2.645011e+01 1.595711e-01
2.816793e+01 1.431458e-01
2.800386e+01 1.653108e-01
2.821603e+01 1.560552e-01
2.648341e+01 2.073453e-01
2.745636e+01 1.604645e-01
2.847581e+01 1.418496e-01
2.365290e+01 2.016328e-01
2.546657e+01 1.967062e-01
2.637772e+01 1.678143e-01
2.824291e+01 1.311703e-01
2.826330e+01 1.436141e-01
2.050888e+01 2.574089e-01
2.048536e+01 2.593105e-01
2.061568e+01 2.594331e-01
2.820514e+01 1.658058e-01
2.462053e+01 2.082839e-01
2.723224e+01 1.601103e-01
2.531545e+01 2.361268e-01
2.777051e+01 1.587623e-01
2.415035e+01 2.000969e-01
2.787253e+01 2.571180e-01
2.604448e+01 1.697388e-01
2.825250e+01 1.446263e-01
2.837337e+01 1.393343e-01
2.641804e+01 2.102362e-01
2.525997e+01 2.074015e-01
2.782121e+01 1.664076e-01
2.804428e+01 1.644828e-01
2.809137e+01 1.543030e-01
2.393352e+01 2.013385e-01
2.668701e+01 1.715315e-01
2.837166e+01 1.431442e-01
2.834170e+01 1.412822e-01
2.638602e+01 2.133024e-01
2.808756e+01 1.450700e-01
2.683420e+01 2.091141e-01
2.702406e+01 1.589720e-01
2.811588e+01 1.537170e-01
2.809153e+01 1.672310e-01
2.375164e+01 2.001659e-01
2.768411e+01 2.579709e-01
2.839027e+01 1.434062e-01
2.634355e+01 1.708497e-01
2.619118e+01 2.020964e-01
2.717281e+01 2.083145e-01
2.817806e+01 1.417541e-01
2.694999e+01 1.575554e-01
2.741605e+01 1.485436e-01
2.494376e+01 2.007492e-01
2.828421e+01 1.440846e-01
2.597519e+01 1.700688e-01
2.810804e+01 1.654580e-01
2.785812e+01 2.062586e-01
2.599341e+01 1.995801e-01
2.821696e+01 1.387087e-01
2.649373e+01 2.593742e-01
2.811901e+01 1.437011e-01
2.338656e+01 2.007354e-01
2.691792e+01 1.566894e-01
2.595343e+01 1.435543e-01
2.586307e+01 1.719730e-01
2.805743e+01 2.085583e-01
2.837117e+01 1.408015e-01
2.577776e+01 2.074175e-01
2.790023e+01 1.668143e-01
2.817323e+01 1.424725e-01
2.668203e+01 1.566838e-01
2.388383e+01 1.999714e-01
2.830480e+01 1.342577e-01
2.626692e+01 1.441285e-01
2.800656e+01 2.104877e-01
2.656055e+01 1.680315e-01
2.633136e+01 1.986694e-01
2.810680e+01 1.414579e-01
2.610473e+01 2.610083e-01
2.677694e+01 1.565810e-01
2.830285e+01 1.451011e-01
2.353940e+01 2.009156e-01
2.804020e+01 1.310574e-01
2.667254e+01 2.121641e-01
2.803207e+01 1.658278e-01
2.640502e+01 1.800168e-01
2.849889e+01 1.411714e-01
2.668771e+01 1.574848e-01
2.609381e+01 1.885863e-01
2.819416e+01 1.428713e-01
2.382294e+01 2.129238e-01
2.365518e+01 2.016084e-01
2.824497e+01 1.298344e-01
2.562869e+01 1.740656e-01
2.822759e+01 1.408037e-01
2.802131e+01 1.398807e-01
2.798636e+01 1.658850e-01
2.627647e+01 1.579386e-01
2.783870e+01 2.608020e-01
2.386913e+01 2.118371e-01
2.823121e+01 1.375237e-01
2.617099e+01 2.015198e-01
2.533396e+01 1.794360e-01
2.359393e+01 2.017296e-01
2.829295e+01 1.289690e-01
2.870703e+01 1.402564e-01
2.664430e+01 1.585145e-01
2.787377e+01 1.467598e-01
2.461574e+01 2.131816e-01
2.812574e+01 1.662145e-01
2.822019e+01 1.361468e-01
2.689329e+01 1.918772e-01
2.652223e+01 2.140587e-01
2.648651e+01 1.581800e-01
2.834451e+01 1.395490e-01
2.831091e+01 7.624009e-02
2.843720e+01 7.646686e-02
2.830444e+01 7.715622e-02
2.814218e+01 1.297472e-01
2.378296e+01 2.024836e-01
2.847756e+01 1.388098e-01
2.835648e+01 1.357927e-01
2.796875e+01 2.618881e-01
2.817940e+01 1.664474e-01
2.610108e+01 1.901806e-01
2.707892e+01 1.587499e-01
2.861899e+01 1.270929e-01
2.868034e+01 1.395302e-01
2.608645e+01 2.065958e-01
2.815137e+01 1.316165e-01
2.385320e+01 2.031598e-01
2.853738e+01 1.370005e-01
2.865538e+01 1.269192e-01
2.804880e+01 1.408694e-01
2.499333e+01 1.842504e-01
2.643315e+01 1.597531e-01
2.859338e+01 1.392935e-01
2.800839e+01 1.659111e-01
2.637629e+01 2.002570e-01
2.808364e+01 1.372186e-01
2.839117e+01 1.285533e-01
2.357977e+01 2.047250e-01
2.846065e+01 1.374118e-01
2.510366e+01 1.737071e-01
2.622830e+01 2.620174e-01
2.624018e+01 1.597375e-01
2.859324e+01 1.400037e-01
2.792084e+01 1.670094e-01
2.794326e+01 2.048060e-01
2.818164e+01 1.398864e-01
2.838593e+01 1.290215e-01
2.839204e+01 1.377878e-01
2.622239e+01 1.608871e-01
2.838676e+01 1.394220e-01
2.798661e+01 1.846774e-01
2.375418e+01 2.051001e-01
2.777313e+01 2.062752e-01
2.811948e+01 1.568671e-01
2.807065e+01 1.679492e-01
2.839827e+01 1.294620e-01
2.605125e+01 2.592869e-01
2.814739e+01 1.474354e-01
2.837856e+01 1.382773e-01
2.835947e+01 1.375647e-01
2.617545e+01 1.611450e-01
2.809113e+01 1.755100e-01
2.846541e+01 1.302068e-01
2.790722e+01 2.106010e-01
2.806352e+01 1.640894e-01
2.368919e+01 2.056920e-01
2.817706e+01 1.675312e-01
2.835390e+01 1.382362e-01
2.842926e+01 1.367759e-01
2.629134e+01 1.622883e-01
2.859176e+01 1.309394e-01
2.779712e+01 2.272828e-01
2.513614e+01 2.597530e-01
2.769003e+01 1.624930e-01
2.820844e+01 1.406006e-01
2.794056e+01 1.683191e-01
2.821702e+01 1.665811e-01
2.346769e+01 2.070718e-01
2.844903e+01 1.391533e-01
2.863940e+01 1.310570e-01
2.839432e+01 1.347650e-01
2.617464e+01 1.643021e-01
2.574265e+01 2.254168e-01
2.780973e+01 1.507198e-01
2.783325e+01 1.687455e-01
2.835539e+01 1.317282e-01
2.559174e+01 2.665830e-01
2.836619e+01 1.419945e-01
2.818698e+01 1.680047e-01
2.833510e+01 1.355374e-01
2.675012e+01 1.649271e-01
2.583223e+01 2.254563e-01
2.519042e+01 2.083570e-01
2.799501e+01 1.382157e-01
2.815784e+01 1.658154e-01
2.832087e+01 1.322811e-01
2.869237e+01 1.491015e-01
2.627347e+01 1.680925e-01
2.827888e+01 1.362718e-01
2.600394e+01 1.654313e-01
2.581042e+01 2.244568e-01
2.503127e+01 2.651395e-01
2.763134e+01 1.311695e-01
2.852658e+01 1.326078e-01
2.789371e+01 1.639469e-01
2.834607e+01 1.516149e-01
2.354851e+01 2.094602e-01
2.815086e+01 1.493577e-01
2.667121e+01 1.667069e-01
2.844649e+01 1.367971e-01
2.615241e+01 1.668705e-01
2.562122e+01 2.231537e-01
2.855811e+01 1.337669e-01
2.772497e+01 1.277039e-01
2.839003e+01 1.528417e-01
2.800229e+01 1.660736e-01
2.824650e+01 1.389166e-01
2.827978e+01 1.365998e-01
2.839859e+01 1.334599e-01
2.634491e+01 1.680137e-01
2.567971e+01 2.224376e-01
2.575398e+01 1.669093e-01
2.468887e+01 2.634874e-01
2.383229e+01 2.117147e-01
2.839861e+01 1.545691e-01
2.745798e+01 1.268493e-01
2.796437e+01 1.733247e-01
2.847040e+01 1.335358e-01
2.626064e+01 1.688261e-01
2.875088e+01 1.372394e-01
2.807625e+01 1.569942e-01
2.552455e+01 2.211045e-01
2.605559e+01 1.670739e-01
2.768777e+01 1.273665e-01
2.797237e+01 1.819977e-01
2.848334e+01 1.349029e-01
2.382022e+01 2.127254e-01
2.796579e+01 1.591737e-01
2.568816e+01 2.654266e-01
2.616764e+01 1.707357e-01
2.858313e+01 1.366871e-01
2.574234e+01 2.207294e-01
2.790772e+01 1.263048e-01
2.856927e+01 1.351172e-01
2.571939e+01 1.675751e-01
2.799748e+01 1.889193e-01
2.783395e+01 1.595490e-01
2.635166e+01 1.718013e-01
2.881749e+01 1.381354e-01
2.238059e+01 1.692920e-01
2.235642e+01 1.685341e-01
2.780846e+01 1.504653e-01
2.224811e+01 1.689413e-01
2.566510e+01 2.198767e-01
2.857361e+01 1.359218e-01
2.835519e+01 1.410737e-01
2.789125e+01 1.254741e-01
2.809802e+01 1.602416e-01
2.805427e+01 2.002193e-01
2.808736e+01 1.407731e-01
2.837602e+01 1.553532e-01
2.607261e+01 1.650597e-01
2.642037e+01 1.733317e-01
2.852069e+01 1.367882e-01
2.585416e+01 2.677207e-01
2.827763e+01 1.363667e-01
2.583805e+01 2.211696e-01
2.787353e+01 1.247471e-01
2.786650e+01 1.594773e-01
2.811934e+01 2.016012e-01
2.826423e+01 1.557370e-01
2.826761e+01 1.374741e-01
2.650018e+01 1.750947e-01
2.860760e+01 1.350844e-01
2.782183e+01 1.591531e-01
2.552577e+01 2.212597e-01
2.776458e+01 1.258510e-01
2.828856e+01 1.663495e-01
2.789317e+01 1.961581e-01
2.854905e+01 1.544740e-01
2.863515e+01 1.373114e-01
2.499992e+01 2.643127e-01
2.604326e+01 1.767029e-01
2.860660e+01 1.323238e-01
2.804777e+01 1.603157e-01
2.792086e+01 1.298319e-01
2.570183e+01 2.212832e-01
2.830008e+01 1.543995e-01
2.845427e+01 1.386620e-01
2.786839e+01 1.916524e-01
2.782734e+01 1.599669e-01
2.811733e+01 1.511447e-01
2.839585e+01 1.327485e-01
2.625331e+01 1.784042e-01
2.853060e+01 1.670025e-01
2.782294e+01 1.426501e-01
2.794394e+01 1.373812e-01
2.553493e+01 2.218651e-01
2.849474e+01 1.397615e-01
2.837321e+01 1.552371e-01
2.523904e+01 1.940342e-01
2.556425e+01 2.677915e-01
2.810022e+01 1.618476e-01
2.866174e+01 1.334112e-01
2.656540e+01 1.786521e-01
2.841227e+01 1.405129e-01
2.816327e+01 1.443847e-01
2.823827e+01 1.522233e-01
2.809495e+01 1.620987e-01
2.579048e+01 2.224032e-01
2.491671e+01 2.055828e-01
2.823333e+01 1.695715e-01
2.837103e+01 1.364095e-01
2.673440e+01 1.802676e-01
2.813962e+01 1.411582e-01
2.807421e+01 1.633148e-01
2.564429e+01 2.719868e-01
2.821147e+01 1.528276e-01
2.486119e+01 2.195637e-01
2.785866e+01 1.507620e-01
2.577258e+01 2.227848e-01
2.843325e+01 1.702219e-01
2.828582e+01 1.359787e-01
2.842360e+01 1.411830e-01
2.654614e+01 1.810019e-01
2.811350e+01 1.637680e-01
2.823641e+01 1.528718e-01
2.806621e+01 2.261386e-01
2.798432e+01 1.521839e-01
2.801455e+01 1.447676e-01
2.577675e+01 2.231480e-01
2.834357e+01 1.423433e-01
2.826685e+01 1.339514e-01
2.565826e+01 2.311399e-01
2.299845e+01 1.501935e-01
2.293629e+01 1.489685e-01
2.307944e+01 1.491929e-01
2.590612e+01 2.701499e-01
2.822143e+01 1.651705e-01
2.790449e+01 1.506314e-01
2.841066e+01 1.510365e-01
2.815039e+01 2.271292e-01
2.819010e+01 1.208680e-01
2.822972e+01 1.197063e-01
2.829111e+01 1.205562e-01
2.837377e+01 1.511203e-01
2.858261e+01 1.427371e-01
2.759877e+01 1.528871e-01
2.801894e+01 1.516557e-01
2.807370e+01 1.345416e-01
2.791462e+01 9.335577e-02
2.793718e+01 9.388546e-02
2.790416e+01 9.372716e-02
2.799334e+01 1.653242e-01
2.548258e+01 2.242279e-01
2.795374e+01 1.195128e-01
2.844531e+01 1.515349e-01
2.845013e+01 1.451345e-01
2.822220e+01 1.529131e-01
2.837260e+01 1.437241e-01
2.797405e+01 1.436480e-01
2.589225e+01 2.695863e-01
2.801437e+01 1.652416e-01
2.818937e+01 1.342288e-01
2.755848e+01 1.530195e-01
2.574972e+01 2.239522e-01
2.832243e+01 1.512772e-01
2.855515e+01 1.436512e-01
2.852395e+01 1.516172e-01
2.850224e+01 1.440904e-01
2.791842e+01 1.452379e-01
2.796459e+01 1.444746e-01
2.796166e+01 1.666148e-01
2.806695e+01 1.327925e-01
2.758967e+01 1.537144e-01
2.806884e+01 1.501985e-01
2.842882e+01 1.506655e-01
2.830444e+01 1.419448e-01
2.584016e+01 2.246588e-01
2.827162e+01 1.531217e-01
2.832079e+01 1.447608e-01
2.766398e+01 1.426789e-01
2.575155e+01 2.738582e-01
2.826454e+01 1.687057e-01
2.814478e+01 1.327112e-01
2.844698e+01 1.413778e-01
2.838367e+01 1.514614e-01
2.764606e+01 1.608882e-01
2.827685e+01 1.520267e-01
2.861355e+01 1.453050e-01
2.541447e+01 2.233100e-01
2.780722e+01 1.458197e-01
2.801060e+01 1.690531e-01
2.833562e+01 1.329957e-01
2.826718e+01 1.413025e-01
2.825589e+01 1.513819e-01
2.814465e+01 1.520767e-01
2.848469e+01 1.460605e-01
2.745547e+01 1.621799e-01
2.603174e+01 2.763809e-01
2.791294e+01 1.454231e-01
2.796386e+01 1.696237e-01
2.553482e+01 2.240583e-01
2.812882e+01 1.408673e-01
2.816187e+01 1.436639e-01
2.802622e+01 1.338954e-01
2.836882e+01 1.510280e-01
2.845907e+01 1.515051e-01
2.855274e+01 1.482889e-01
2.792889e+01 1.694271e-01
2.796530e+01 1.454590e-01
2.740095e+01 1.625725e-01
2.554232e+01 2.238161e-01
2.835450e+01 1.420433e-01
2.824269e+01 1.532938e-01
2.820607e+01 1.526789e-01
2.834605e+01 1.488421e-01
2.813804e+01 1.325117e-01
2.819320e+01 1.710473e-01
2.579932e+01 2.743782e-01
2.806410e+01 1.450556e-01
2.739709e+01 1.655341e-01
2.803664e+01 1.405450e-01
2.532943e+01 2.242599e-01
2.846423e+01 1.476146e-01
2.834757e+01 1.533779e-01
2.822496e+01 1.544478e-01
2.800484e+01 1.324338e-01
2.824364e+01 1.710795e-01
2.803309e+01 1.448514e-01
2.827163e+01 1.413983e-01
2.741217e+01 1.683200e-01
2.847056e+01 1.494059e-01
2.828699e+01 1.530642e-01
2.830426e+01 1.570270e-01
2.586678e+01 2.241037e-01
2.570531e+01 2.727336e-01
2.802676e+01 1.720788e-01
2.822505e+01 1.325103e-01
2.799230e+01 1.473899e-01
2.791077e+01 1.512483e-01
2.812428e+01 1.424074e-01
2.825923e+01 1.496542e-01
2.819454e+01 1.523182e-01
2.813746e+01 1.589490e-01
2.719755e+01 1.713096e-01
2.821918e+01 1.728955e-01
2.803290e+01 1.496674e-01
2.783392e+01 1.468844e-01
2.552374e+01 2.258382e-01
2.820196e+01 1.325948e-01
2.784594e+01 1.423418e-01
2.830626e+01 1.506344e-01
2.839810e+01 1.534088e-01
2.828387e+01 1.599313e-01
2.830245e+01 1.735403e-01
2.787342e+01 1.466441e-01
2.589790e+01 2.717825e-01
2.739684e+01 1.708287e-01
2.795182e+01 1.329298e-01
2.768747e+01 1.419230e-01
2.649415e+01 2.241671e-01
2.827340e+01 1.505462e-01
2.823242e+01 1.532677e-01
2.824896e+01 1.739888e-01
2.824732e+01 1.623394e-01
2.797415e+01 1.475966e-01
2.825374e+01 1.426515e-01
2.812313e+01 1.332032e-01
2.849500e+01 1.514810e-01
2.583324e+01 2.256649e-01
2.725863e+01 1.684607e-01
2.827336e+01 1.538005e-01
2.823624e+01 1.673946e-01
2.765147e+01 1.480167e-01
2.549284e+01 2.735998e-01
2.811098e+01 1.426681e-01
2.816046e+01 1.516442e-01
2.808617e+01 1.315618e-01
2.841137e+01 1.552159e-01
2.632429e+01 2.187155e-01
2.738647e+01 1.686207e-01
2.815908e+01 1.701932e-01
2.773560e+01 1.486947e-01
2.805758e+01 1.500060e-01
2.776653e+01 1.437446e-01
2.835300e+01 1.507941e-01
2.824755e+01 1.325118e-01
2.810895e+01 1.551720e-01
2.633141e+01 2.221437e-01
2.821954e+01 1.717822e-01
2.738132e+01 1.686373e-01
2.769338e+01 1.479256e-01
2.555760e+01 2.737599e-01
2.845025e+01 1.513650e-01
2.791906e+01 1.450441e-01
2.825069e+01 1.540128e-01
2.834553e+01 1.323410e-01
2.808340e+01 1.533142e-01
2.648511e+01 2.235613e-01
2.817639e+01 1.735346e-01
2.801129e+01 1.490843e-01
2.838968e+01 1.506565e-01
2.798961e+01 1.444628e-01
2.554528e+01 1.671830e-01
2.795995e+01 1.537052e-01
2.824307e+01 1.319649e-01
2.792658e+01 1.491409e-01
2.541921e+01 2.726492e-01
2.836892e+01 1.514172e-01
2.836640e+01 1.760603e-01
2.773261e+01 1.443499e-01
2.830381e+01 1.549265e-01
2.501989e+01 1.656916e-01
2.825698e+01 1.323576e-01
2.836183e+01 1.511233e-01
2.776645e+01 1.492118e-01
2.819492e+01 1.771836e-01
2.798144e+01 1.453823e-01
2.826931e+01 1.565003e-01
2.479055e+01 1.655477e-01
2.546100e+01 2.728347e-01
2.816654e+01 1.324468e-01
2.835947e+01 1.514065e-01
2.763889e+01 1.497325e-01
2.779193e+01 1.447164e-01
2.828605e+01 1.773153e-01
2.806707e+01 1.506160e-01
2.818227e+01 1.562303e-01
2.826573e+01 1.510326e-01
2.826931e+01 1.317131e-01
2.785996e+01 1.477907e-01
2.486038e+01 1.657721e-01
2.772695e+01 1.448727e-01
2.807505e+01 1.784082e-01
2.831877e+01 1.570287e-01
2.839548e+01 1.531718e-01
2.561876e+01 2.715889e-01
2.777516e+01 1.495021e-01
2.808390e+01 1.455378e-01
2.835636e+01 1.314112e-01
2.826815e+01 1.777723e-01
2.488492e+01 1.650848e-01
2.800076e+01 1.578467e-01
2.815095e+01 1.522545e-01
2.798476e+01 1.499309e-01
2.802326e+01 1.453973e-01
2.821424e+01 1.333550e-01
2.822583e+01 1.769519e-01
2.809400e+01 1.581618e-01
2.839243e+01 1.518575e-01
2.800119e+01 1.532967e-01
2.550764e+01 2.710202e-01
2.511302e+01 1.659765e-01
2.790694e+01 1.466462e-01
2.768016e+01 1.513271e-01
2.819350e+01 1.767617e-01
2.842678e+01 1.596412e-01
2.828469e+01 1.325918e-01
2.832802e+01 1.519041e-01
2.511996e+01 1.664090e-01
2.754011e+01 1.482996e-01
2.772774e+01 1.516416e-01
2.850180e+01 1.590188e-01
2.842553e+01 1.507330e-01
2.822331e+01 1.772133e-01
2.579474e+01 2.712184e-01
2.796619e+01 1.511379e-01
2.796617e+01 1.457159e-01
2.791791e+01 1.518657e-01
2.535640e+01 1.660818e-01
2.846481e+01 1.596758e-01
2.835413e+01 1.521545e-01
2.845495e+01 1.756264e-01
2.811135e+01 1.466577e-01
2.754719e+01 1.530349e-01
2.839688e+01 1.600214e-01
2.856118e+01 1.510328e-01
2.516627e+01 2.741132e-01
2.523532e+01 1.657557e-01
2.837043e+01 1.730496e-01
2.769427e+01 1.472643e-01
2.779673e+01 1.518646e-01
2.834403e+01 1.507749e-01
2.831463e+01 1.596345e-01
2.524314e+01 1.683879e-01
2.842512e+01 1.695507e-01
2.838493e+01 1.507846e-01
2.822680e+01 1.564461e-01
2.777414e+01 1.540531e-01
2.769994e+01 1.471263e-01
2.538110e+01 2.737004e-01
2.517826e+01 1.733564e-01
2.847624e+01 1.515374e-01
2.835445e+01 1.669363e-01
2.816272e+01 1.554228e-01
2.775459e+01 1.521913e-01
2.768873e+01 1.498278e-01
2.771517e+01 1.478394e-01
2.805603e+01 1.539647e-01
2.834817e+01 1.515058e-01
2.536284e+01 2.737251e-01
2.830973e+01 1.559711e-01
2.768364e+01 1.523153e-01
2.827664e+01 1.612202e-01
2.791907e+01 1.474970e-01
2.532776e+01 1.780090e-01
2.828426e+01 1.519398e-01
2.819607e+01 1.556774e-01
2.781388e+01 1.525478e-01
2.802897e+01 1.485054e-01
2.831581e+01 1.602807e-01
2.249478e+01 1.746644e-01
2.252110e+01 1.741655e-01
2.259619e+01 1.748926e-01
2.523278e+01 1.824643e-01
2.687344e+01 2.000124e-01
2.860644e+01 1.517966e-01
2.824139e+01 1.557823e-01
2.782844e+01 1.541534e-01
2.807225e+01 1.477215e-01
2.832260e+01 1.592037e-01
2.708026e+01 1.790447e-01
2.834929e+01 1.525397e-01
2.822776e+01 1.559166e-01
2.531980e+01 1.870919e-01
2.775920e+01 1.549616e-01
2.760964e+01 1.489071e-01
2.805900e+01 1.596137e-01
2.826556e+01 1.528788e-01
2.769559e+01 1.951417e-01
2.844760e+01 1.562783e-01
2.777458e+01 1.550233e-01
2.504476e+01 1.922660e-01
2.789427e+01 1.492277e-01
2.813631e+01 1.533311e-01
2.785883e+01 1.508332e-01
2.834607e+01 1.599019e-01
2.840495e+01 1.569360e-01
2.804079e+01 1.918413e-01
2.785190e+01 1.554901e-01
2.777115e+01 1.479392e-01
2.508517e+01 1.995847e-01
2.854893e+01 1.524648e-01
2.827536e+01 1.603939e-01
2.826662e+01 1.572638e-01
2.824628e+01 1.680430e-01
2.771628e+01 1.554717e-01
2.788687e+01 1.499093e-01
2.831730e+01 1.530162e-01
2.515350e+01 1.989631e-01
2.833804e+01 1.576594e-01
2.810217e+01 1.608002e-01
2.832113e+01 1.716399e-01
2.757554e+01 1.564130e-01
2.828190e+01 1.535017e-01
2.768605e+01 1.511995e-01
2.532769e+01 2.006391e-01
2.798317e+01 1.542792e-01
2.847134e+01 1.540373e-01
2.816867e+01 1.619274e-01
2.824566e+01 1.863643e-01
2.787025e+01 1.558686e-01
2.815809e+01 1.541244e-01
2.766897e+01 1.523471e-01
2.513964e+01 1.938955e-01
2.831973e+01 1.529389e-01
2.664056e+01 1.889352e-01
2.817515e+01 1.629682e-01
2.838056e+01 1.533076e-01
2.773739e+01 1.555643e-01
2.806264e+01 1.516720e-01
2.779159e+01 1.518023e-01
2.827514e+01 1.536173e-01
2.486062e+01 1.918578e-01
2.834499e+01 1.541035e-01
2.631590e+01 2.015504e-01
2.786492e+01 1.558639e-01
2.813100e+01 1.640523e-01
2.778275e+01 1.503946e-01
2.814861e+01 1.532691e-01
2.490136e+01 1.933512e-01
2.852554e+01 1.539721e-01
2.478746e+01 2.047110e-01
2.777959e+01 1.576271e-01
2.784899e+01 1.528351e-01
2.784986e+01 1.685006e-01
2.827816e+01 1.669632e-01
2.830699e+01 1.539043e-01
2.476234e+01 1.953727e-01
2.559360e+01 2.041614e-01
2.783311e+01 1.572618e-01
2.785832e+01 1.531967e-01
2.819329e+01 1.655770e-01
2.791359e+01 1.656863e-01
2.828398e+01 1.546612e-01
2.500321e+01 2.088591e-01
2.414120e+01 2.017307e-01
2.784416e+01 1.574504e-01
2.786982e+01 1.532590e-01
2.779088e+01 1.522845e-01
2.806927e+01 1.671457e-01
2.815912e+01 1.650873e-01
2.824135e+01 1.542086e-01
2.517829e+01 2.138207e-01
2.433906e+01 2.050839e-01
2.770803e+01 1.581130e-01
2.782071e+01 1.547904e-01
2.780989e+01 1.677777e-01
2.827140e+01 1.540481e-01
2.805773e+01 1.543106e-01
2.800837e+01 1.661507e-01
2.795987e+01 2.152577e-01
2.776408e+01 1.538562e-01
2.777074e+01 1.582096e-01
2.766503e+01 1.678513e-01
2.805190e+01 1.544143e-01
2.809761e+01 1.668093e-01
2.787722e+01 2.235303e-01
2.795543e+01 1.527540e-01
2.792508e+01 1.675085e-01
2.772174e+01 1.577297e-01
2.826508e+01 1.551518e-01
2.821145e+01 1.675038e-01
2.777997e+01 2.354081e-01
2.813886e+01 1.637927e-01
2.843852e+01 1.550957e-01
2.789861e+01 1.540808e-01
2.794825e+01 1.601101e-01
2.799885e+01 1.649800e-01
2.826589e+01 1.549664e-01
2.444435e+01 1.885633e-01
2.783193e+01 1.541089e-01
2.802690e+01 1.597907e-01
2.802631e+01 1.519813e-01
2.820777e+01 1.646263e-01
2.845571e+01 1.557618e-01
2.776796e+01 1.545770e-01
2.771694e+01 1.596668e-01
2.419528e+01 1.905121e-01
2.802969e+01 1.641415e-01
2.825860e+01 1.557721e-01
2.763923e+01 1.557370e-01
2.779443e+01 1.588845e-01
2.416805e+01 1.861671e-01
2.820224e+01 1.641363e-01
2.825744e+01 1.560246e-01
2.757541e+01 1.597520e-01
2.761948e+01 1.551657e-01
2.431783e+01 1.867529e-01
2.797267e+01 1.616568e-01
2.782976e+01 1.546120e-01
2.832402e+01 1.565816e-01
2.771148e+01 1.595994e-01
2.789944e+01 1.565931e-01
2.435081e+01 1.947761e-01
2.810242e+01 1.586981e-01
2.844778e+01 1.562186e-01
2.787098e+01 1.625444e-01
2.776174e+01 1.556800e-01
2.422673e+01 2.094102e-01
2.812883e+01 1.331217e-01
2.845259e+01 1.563821e-01
2.805730e+01 1.522011e-01
2.803886e+01 1.646056e-01
2.776226e+01 1.564736e-01
2.393521e+01 2.149464e-01
2.845102e+01 1.572556e-01
2.830909e+01 1.333576e-01
2.492234e+01 2.044444e-01
2.784587e+01 1.667251e-01
2.773380e+01 1.570243e-01
2.826498e+01 1.572841e-01
2.800741e+01 1.334311e-01
2.418454e+01 2.072813e-01
2.835701e+01 1.577612e-01
2.795546e+01 1.572256e-01
2.740396e+01 1.665578e-01
2.804829e+01 1.324002e-01
2.391140e+01 2.158682e-01
2.834174e+01 1.574856e-01
2.781703e+01 1.578007e-01
2.780098e+01 1.632639e-01
2.806842e+01 1.318724e-01
2.825402e+01 1.584974e-01
2.407003e+01 2.207411e-01
2.759780e+01 1.581247e-01
2.766623e+01 1.595716e-01
2.788234e+01 1.561331e-01
2.806979e+01 1.586899e-01
2.815778e+01 1.320310e-01
2.381454e+01 2.305484e-01
2.782915e+01 1.582418e-01
2.794891e+01 1.594355e-01
2.814780e+01 1.529053e-01
2.830034e+01 1.596724e-01
2.809714e+01 1.315023e-01
2.407153e+01 2.306926e-01
2.784696e+01 1.580335e-01
2.768451e+01 1.592253e-01
2.821245e+01 1.593037e-01
2.800023e+01 1.320535e-01
2.376944e+01 2.170054e-01
2.813108e+01 1.588361e-01
2.805560e+01 1.605651e-01
2.831337e+01 1.597572e-01
2.798509e+01 1.607258e-01
2.800458e+01 1.949275e-01
2.770654e+01 1.599645e-01
2.808659e+01 1.323612e-01
2.848283e+01 1.593862e-01
2.806106e+01 1.962607e-01
2.782847e+01 1.606375e-01
2.773944e+01 1.599416e-01
2.805204e+01 1.320963e-01
2.835122e+01 1.593252e-01
2.782168e+01 1.606654e-01
2.780678e+01 1.973140e-01
2.794877e+01 1.598302e-01
2.837599e+01 1.584351e-01
2.846356e+01 1.319346e-01
2.839308e+01 1.563301e-01
2.796658e+01 1.957728e-01
2.798906e+01 1.603015e-01
2.770078e+01 1.607739e-01
2.828851e+01 1.320104e-01
2.823038e+01 1.534555e-01
2.844048e+01 1.522089e-01
2.752710e+01 1.965858e-01
2.801010e+01 1.603093e-01
2.789114e+01 1.604787e-01
2.779487e+01 1.571693e-01
2.829487e+01 1.321564e-01
2.847909e+01 1.520241e-01
2.774129e+01 1.611844e-01
2.784782e+01 1.626063e-01
2.435403e+01 1.990915e-01
2.823171e+01 1.324545e-01
2.851727e+01 1.530338e-01
2.775441e+01 1.606201e-01
2.807788e+01 1.646966e-01
2.457013e+01 2.014765e-01
2.804407e+01 1.316505e-01
2.836255e+01 1.462024e-01
2.778789e+01 1.598584e-01
2.775270e+01 1.660638e-01
2.518938e+01 2.024841e-01
2.830894e+01 1.316192e-01
2.861787e+01 1.401392e-01
2.432182e+01 2.028946e-01
2.800505e+01 1.606077e-01
2.761011e+01 1.658494e-01
2.842113e+01 1.315013e-01
2.855855e+01 1.362352e-01
2.410744e+01 2.032553e-01
2.788791e+01 1.592125e-01
2.771226e+01 1.606044e-01
2.805679e+01 1.537762e-01
2.828342e+01 1.321860e-01
2.668453e+01 2.046213e-01
2.860943e+01 1.344208e-01
2.767143e+01 1.575607e-01
2.775046e+01 1.591153e-01
2.514712e+01 2.065416e-01
2.846746e+01 1.324590e-01
2.794325e+01 1.575617e-01
2.770584e+01 1.592074e-01
2.413696e+01 2.094510e-01
2.780098e+01 1.555883e-01
2.790973e+01 1.587486e-01
2.851203e+01 1.375934e-01
2.422107e+01 2.119101e-01
2.805990e+01 1.584586e-01
2.808908e+01 1.645067e-01
2.870968e+01 1.340903e-01
2.388783e+01 2.103491e-01
2.796102e+01 1.608380e-01
2.778374e+01 1.643010e-01
2.779889e+01 1.574386e-01
2.867673e+01 1.319553e-01
2.414933e+01 2.118778e-01
2.771560e+01 1.610684e-01
2.782819e+01 1.604984e-01
2.409601e+01 2.137709e-01
2.849392e+01 1.484261e-01
2.794878e+01 1.535502e-01
2.792528e+01 1.607954e-01
2.440610e+01 2.156249e-01
2.797185e+01 1.584157e-01
2.867297e+01 1.465097e-01
2.411171e+01 2.188613e-01
2.811016e+01 1.599076e-01
2.818007e+01 1.583437e-01
2.409244e+01 2.172200e-01
2.835397e+01 1.446464e-01
2.801135e+01 1.598784e-01
2.805761e+01 1.593043e-01
2.384794e+01 2.182874e-01
2.790091e+01 1.610720e-01
2.836986e+01 1.466058e-01
2.786080e+01 1.593397e-01
2.421357e+01 2.195203e-01
2.792105e+01 1.607947e-01
2.786485e+01 1.596645e-01
2.440652e+01 2.227179e-01
2.823495e+01 1.500956e-01
2.802475e+01 1.607698e-01
2.783324e+01 1.607469e-01
2.811471e+01 1.674501e-01
2.780473e+01 1.594716e-01
2.798519e+01 1.542898e-01
2.823500e+01 1.733031e-01
2.803038e+01 1.593806e-01
2.783718e+01 1.592070e-01
2.819306e+01 1.635411e-01
2.789953e+01 1.584111e-01
2.801004e+01 1.551415e-01
2.840781e+01 1.526980e-01
2.768050e+01 1.561147e-01
2.823547e+01 1.568483e-01
2.819005e+01 1.491522e-01
2.790413e+01 1.606893e-01
2.804512e+01 1.551492e-01
2.789538e+01 1.615243e-01
2.776854e+01 1.627312e-01
2.766705e+01 1.599035e-01
2.786037e+01 1.587141e-01
2.780937e+01 1.429901e-01
2.807080e+01 1.577913e-01
2.798748e+01 1.596986e-01
2.802558e+01 1.511687e-01
2.810238e+01 1.608530e-01
2.782613e+01 1.548740e-01
2.773745e+01 1.688514e-01
2.800018e+01 1.610541e-01
2.814605e+01 1.580790e-01
2.818510e+01 1.800943e-01
2.785422e+01 1.607740e-01
2.804929e+01 2.005156e-01
2.517149e+01 2.008563e-01
2.787780e+01 1.557338e-01
2.466181e+01 2.147733e-01
2.813040e+01 2.353915e-01
2.798148e+01 1.565395e-01
2.780723e+01 1.585783e-01
2.805668e+01 1.569480e-01
2.796667e+01 1.571553e-01
2.788966e+01 1.582283e-01
2.792149e+01 1.574601e-01
2.795167e+01 1.573891e-01
2.767366e+01 1.593919e-01
2.786365e+01 1.581181e-01
2.793300e+01 1.589581e-01
2.773579e+01 1.575472e-01
2.781363e+01 1.592492e-01
2.779584e+01 1.601675e-01
2.804027e+01 1.581310e-01
2.778345e+01 1.560994e-01
2.785310e+01 1.581760e-01
2.781228e+01 1.580445e-01
2.801229e+01 1.577233e-01
2.788875e+01 1.610809e-01
2.792790e+01 1.566328e-01
2.808543e+01 1.567094e-01
2.772375e+01 1.618287e-01
2.794896e+01 1.558742e-01
2.810227e+01 1.600286e-01
2.791548e+01 1.553257e-01
2.803865e+01 1.528670e-01
2.769311e+01 1.615217e-01
2.816488e+01 1.533573e-01
2.776908e+01 1.540963e-01
2.794972e+01 1.527538e-01
2.820053e+01 1.530428e-01
2.788682e+01 1.568025e-01
2.804839e+01 1.533393e-01
2.836016e+01 1.540609e-01
2.799978e+01 1.579629e-01
2.811186e+01 1.558200e-01
2.803450e+01 1.577910e-01
2.802496e+01 1.584531e-01
2.799983e+01 1.569223e-01
2.809692e+01 1.565069e-01
2.802218e+01 1.558295e-01
2.767743e+01 1.597972e-01
2.808112e+01 1.560631e-01
2.806061e+01 1.568414e-01
2.804905e+01 1.571008e-01
2.829238e+01 1.576888e-01
2.789961e+01 1.547587e-01
2.792268e+01 1.580541e-01
2.810643e+01 1.582270e-01
2.778125e+01 1.582618e-01
2.784649e+01 1.585568e-01
2.789919e+01 1.574538e-01
2.789854e+01 1.566555e-01
2.785916e+01 1.568903e-01
2.786324e+01 1.583208e-01
2.808682e+01 1.587837e-01
2.802738e+01 1.584660e-01
2.799669e+01 1.573394e-01
2.790776e+01 1.575891e-01
2.790102e+01 1.586820e-01
2.816124e+01 1.585101e-01
2.806661e+01 1.574075e-01
2.787112e+01 1.575784e-01
2.767932e+01 1.574985e-01
2.755594e+01 1.575111e-01
2.797932e+01 1.582291e-01
2.787395e+01 1.581251e-01
2.785360e+01 1.599833e-01
2.801586e+01 1.574341e-01
2.793065e+01 1.565531e-01
2.767249e+01 1.588806e-01
2.789247e+01 1.596749e-01
2.777464e+01 1.594172e-01
2.828586e+01 1.603302e-01
2.782749e+01 1.603419e-01
2.780781e+01 1.555376e-01
2.800205e+01 1.604446e-01
2.777443e+01 1.608738e-01
2.783059e+01 1.611730e-01
2.782402e+01 1.612374e-01
2.773200e+01 1.610329e-01
2.824732e+01 1.562352e-01
2.791685e+01 1.601071e-01
2.814566e+01 1.599357e-01
2.812384e+01 1.606368e-01
2.789256e+01 1.602052e-01
2.798955e+01 1.664969e-01
2.803428e+01 1.574193e-01
2.764636e+01 1.684394e-01
2.770808e+01 1.712931e-01
2.749250e+01 1.730367e-01
2.792044e+01 1.569541e-01
2.756520e+01 1.708703e-01
2.777877e+01 1.578217e-01
2.783355e+01 1.697570e-01
2.792105e+01 1.569776e-01
2.775734e+01 1.693512e-01
2.792732e+01 1.585424e-01
2.800204e+01 1.572250e-01
2.770069e+01 1.590714e-01
2.792144e+01 1.600124e-01
2.787116e+01 1.578285e-01
2.768535e+01 1.576655e-01
2.786635e+01 1.582820e-01
2.796113e+01 1.589382e-01
2.813856e+01 1.597046e-01
2.808015e+01 1.602759e-01
2.789117e+01 1.605085e-01
2.778187e+01 1.611368e-01
2.791267e+01 1.615459e-01
2.800894e+01 1.613366e-01
2.800500e+01 1.510954e-01
2.794870e+01 1.615711e-01
2.773758e+01 1.616634e-01
2.839494e+01 1.616491e-01
2.784864e+01 1.607842e-01
2.795462e+01 1.610626e-01
2.799427e+01 1.545464e-01
2.805770e+01 1.578077e-01
2.796799e+01 1.582362e-01
2.806739e+01 1.574645e-01
2.797739e+01 1.591718e-01
2.786311e+01 1.582782e-01
