2.720854e+01 1.207579e-01
2.738739e+01 1.207726e-01
2.728103e+01 1.206158e-01
3.023103e+01 1.689041e-01
3.145566e+01 1.456991e-01
3.107450e+01 1.610181e-01
3.111424e+01 1.535868e-01
3.038537e+01 1.284242e-01
3.031459e+01 1.351089e-01
3.034602e+01 1.546345e-01
3.334464e+01 1.516966e-01
3.329902e+01 1.611023e-01
3.349257e+01 1.688339e-01
3.314814e+01 1.717355e-01
3.247070e+01 1.724089e-01
2.942112e+01 1.720694e-01
2.909591e+01 1.764360e-01
3.229779e+01 1.847417e-01
3.294116e+01 1.904344e-01
3.274510e+01 1.758717e-01
2.985514e+01 1.632981e-01
2.935581e+01 1.691792e-01
2.959801e+01 1.712899e-01
2.973128e+01 1.726666e-01
3.294830e+01 1.731346e-01
3.302240e+01 1.781057e-01
3.300740e+01 1.799351e-01
3.279528e+01 1.813461e-01
3.276705e+01 1.849157e-01
3.275486e+01 1.976602e-01
3.232150e+01 2.004210e-01
2.879185e+01 1.963256e-01
2.933913e+01 2.000803e-01
2.989528e+01 1.972602e-01
2.920462e+01 1.933617e-01
2.870605e+01 1.876470e-01
3.141628e+01 1.786959e-01
2.956543e+01 1.733297e-01
2.900172e+01 1.722398e-01
2.888026e+01 1.735017e-01
2.869883e+01 1.693597e-01
2.878779e+01 1.662367e-01
2.887205e+01 1.564981e-01
2.910505e+01 1.567859e-01
2.872385e+01 1.576365e-01
2.908563e+01 1.532314e-01
2.880717e+01 1.468294e-01
2.916958e+01 1.430344e-01
2.933738e+01 1.423820e-01
2.899633e+01 1.468930e-01
3.109354e+01 1.544173e-01
2.983435e+01 1.583321e-01
3.314895e+01 1.623413e-01
3.309838e+01 1.691418e-01
2.866534e+01 1.888241e-01
3.083858e+01 1.817570e-01
3.303226e+01 1.783332e-01
3.273290e+01 1.772640e-01
3.295730e+01 1.742943e-01
3.292245e+01 1.780408e-01
3.300294e+01 1.731334e-01
3.302821e+01 1.711818e-01
3.002115e+01 1.720042e-01
3.162893e+01 1.993109e-01
3.044869e+01 2.049526e-01
2.929720e+01 2.081356e-01
3.289048e+01 2.096279e-01
3.217362e+01 1.756901e-01
3.225526e+01 1.764687e-01
3.218268e+01 1.764139e-01
3.274497e+01 1.563871e-01
3.280419e+01 2.093741e-01
3.305146e+01 1.315514e-01
3.277764e+01 2.104794e-01
3.284546e+01 1.316525e-01
3.298509e+01 1.319143e-01
3.291288e+01 2.123393e-01
3.297412e+01 1.341341e-01
3.260545e+01 2.120960e-01
3.295071e+01 1.155466e-01
3.268819e+01 2.130253e-01
3.353013e+01 1.116915e-01
3.145714e+01 2.098509e-01
3.360072e+01 1.073513e-01
2.937619e+01 2.094216e-01
3.354602e+01 1.053120e-01
3.319008e+01 1.172111e-01
3.006338e+01 2.085113e-01
3.334744e+01 1.141432e-01
3.006160e+01 2.090022e-01
3.361445e+01 1.131766e-01
2.920020e+01 2.116594e-01
3.363176e+01 1.099977e-01
3.257980e+01 2.148106e-01
3.341612e+01 1.083386e-01
3.250167e+01 2.145178e-01
3.365421e+01 1.086035e-01
3.344371e+01 1.080169e-01
3.363155e+01 1.064489e-01
3.365614e+01 1.027149e-01
3.337922e+01 1.002269e-01
3.347152e+01 9.891319e-02
3.341301e+01 1.052661e-01
3.337451e+01 1.070952e-01
3.325910e+01 1.073544e-01
3.348187e+01 1.084983e-01
3.325984e+01 1.090442e-01
3.344694e+01 1.079527e-01
3.333004e+01 1.075692e-01
3.361792e+01 1.078416e-01
3.348372e+01 1.089467e-01
3.354519e+01 1.074166e-01
3.370197e+01 1.065535e-01
3.347891e+01 1.076819e-01
3.354884e+01 1.074744e-01
3.364225e+01 1.075081e-01
3.343206e+01 1.081632e-01
3.359249e+01 1.080231e-01
3.334527e+01 1.085926e-01
3.333986e+01 1.085612e-01
3.349033e+01 1.085826e-01
3.355023e+01 1.083189e-01
3.373666e+01 1.078458e-01
3.353706e+01 1.079169e-01
3.329028e+01 1.085085e-01
3.341392e+01 1.085688e-01
3.349235e+01 1.090585e-01
3.361436e+01 1.086307e-01
3.348539e+01 1.088803e-01
3.319324e+01 1.092592e-01
3.314867e+01 1.084669e-01
3.350380e+01 1.081756e-01
3.327037e+01 1.093361e-01
3.328152e+01 1.089947e-01
3.372443e+01 1.101647e-01
3.332958e+01 1.093820e-01
3.357087e+01 1.096554e-01
3.336180e+01 1.092164e-01
3.323147e+01 1.098466e-01
3.341251e+01 1.104177e-01
3.356459e+01 1.100280e-01
3.366079e+01 1.100129e-01
3.354649e+01 1.106623e-01
3.349875e+01 1.104622e-01
3.346657e+01 1.109908e-01
3.352971e+01 1.106914e-01
3.329689e+01 1.111628e-01
3.334176e+01 1.118321e-01
3.326507e+01 1.125022e-01
2.507837e+01 1.766852e-01
2.506046e+01 1.777537e-01
2.504935e+01 1.769597e-01
2.981986e+01 1.431796e-01
3.011518e+01 1.708596e-01
3.157623e+01 1.727122e-01
2.976638e+01 1.722945e-01
2.949180e+01 1.714769e-01
2.984531e+01 1.704453e-01
3.313744e+01 1.711327e-01
3.324022e+01 1.720851e-01
3.283568e+01 1.719285e-01
2.971417e+01 1.739830e-01
2.971110e+01 1.751554e-01
2.960943e+01 1.759402e-01
2.778366e+01 8.071581e-02
2.780129e+01 8.177646e-02
2.784623e+01 8.094821e-02
3.127651e+01 1.785623e-01
2.949199e+01 1.716449e-01
3.144039e+01 1.549412e-01
2.936630e+01 1.711091e-01
3.120067e+01 1.685157e-01
2.930770e+01 1.692801e-01
3.147689e+01 1.649414e-01
3.133646e+01 1.699892e-01
3.000020e+01 1.466043e-01
3.126165e+01 1.687408e-01
3.008007e+01 1.395241e-01
3.092942e+01 1.721808e-01
2.993905e+01 1.641906e-01
2.957064e+01 1.691115e-01
3.026497e+01 1.655017e-01
2.953327e+01 1.705276e-01
3.022514e+01 1.756182e-01
2.970403e+01 1.712336e-01
2.970524e+01 1.794029e-01
3.025502e+01 1.527142e-01
2.933090e+01 1.903552e-01
3.020664e+01 1.529434e-01
2.931165e+01 2.043990e-01
3.013438e+01 1.519223e-01
2.933830e+01 1.865092e-01
2.936970e+01 1.769951e-01
2.995968e+01 1.522311e-01
2.921086e+01 1.832045e-01
2.974713e+01 1.533460e-01
2.956972e+01 1.788256e-01
3.014270e+01 1.521250e-01
2.965107e+01 1.835786e-01
3.025059e+01 1.520797e-01
2.933439e+01 1.879052e-01
2.883347e+01 1.905966e-01
2.992628e+01 1.519154e-01
2.870832e+01 1.962347e-01
3.006577e+01 1.508844e-01
2.908881e+01 1.998035e-01
3.032178e+01 1.485215e-01
2.914112e+01 2.019944e-01
3.027054e+01 1.466110e-01
2.908474e+01 2.084496e-01
2.917753e+01 1.811220e-01
3.005837e+01 1.467040e-01
3.296425e+01 1.834441e-01
2.970167e+01 1.443784e-01
3.304479e+01 1.830022e-01
2.942514e+01 1.818983e-01
3.048890e+01 1.405348e-01
3.010605e+01 1.834676e-01
3.009427e+01 1.391371e-01
3.295859e+01 1.836773e-01
3.283448e+01 1.852620e-01
2.974242e+01 1.373849e-01
3.039850e+01 1.869674e-01
2.995163e+01 1.274569e-01
2.970998e+01 1.855697e-01
2.946546e+01 1.175294e-01
3.272060e+01 1.891450e-01
3.163952e+01 1.930765e-01
2.987655e+01 1.181487e-01
2.969889e+01 1.947069e-01
2.963531e+01 1.261585e-01
2.966027e+01 1.982252e-01
2.963459e+01 1.970841e-01
3.297197e+01 1.319301e-01
3.274974e+01 1.993687e-01
3.292967e+01 1.264698e-01
3.302818e+01 2.006473e-01
3.347156e+01 1.245331e-01
3.333613e+01 1.177788e-01
3.208308e+01 1.281861e-01
3.285453e+01 1.262160e-01
3.265287e+01 1.428897e-01
3.278227e+01 1.466426e-01
3.289749e+01 1.313647e-01
3.129787e+01 1.072071e-01
3.122711e+01 1.239243e-01
3.166389e+01 1.337852e-01
3.134490e+01 1.270709e-01
3.119113e+01 1.204330e-01
3.160904e+01 1.169556e-01
3.142457e+01 1.151412e-01
2.614370e+01 7.338071e-02
2.611576e+01 7.428921e-02
2.616066e+01 7.428467e-02
2.980454e+01 1.624055e-01
3.072672e+01 1.253902e-01
3.129583e+01 1.104696e-01
3.126925e+01 1.089742e-01
3.159680e+01 1.113277e-01
3.383031e+01 1.105960e-01
3.368056e+01 1.045818e-01
3.372921e+01 1.033922e-01
3.372627e+01 1.029597e-01
3.357109e+01 1.073644e-01
3.337900e+01 1.098887e-01
3.351335e+01 1.113889e-01
3.324541e+01 1.128397e-01
3.341915e+01 1.137079e-01
3.329084e+01 1.150944e-01
3.317483e+01 1.182192e-01
3.318409e+01 1.182226e-01
3.326473e+01 1.193436e-01
3.308889e+01 1.192272e-01
3.320473e+01 1.189404e-01
3.303229e+01 1.204980e-01
3.307113e+01 1.215062e-01
3.317280e+01 1.219250e-01
3.146259e+01 1.236725e-01
3.059676e+01 1.239499e-01
3.064129e+01 1.240709e-01
2.991302e+01 1.241776e-01
3.017361e+01 1.260303e-01
3.106373e+01 1.256468e-01
3.285602e+01 1.259211e-01
3.310087e+01 1.272398e-01
3.074400e+01 1.262448e-01
3.035751e+01 1.267302e-01
3.086263e+01 1.281432e-01
2.946373e+01 1.296770e-01
2.949653e+01 1.296413e-01
3.108031e+01 1.279003e-01
2.928815e+01 1.296442e-01
2.928660e+01 1.298209e-01
3.055662e+01 1.320597e-01
2.911793e+01 1.326315e-01
2.919639e+01 1.335436e-01
3.072234e+01 1.300317e-01
3.065758e+01 1.319528e-01
2.976854e+01 1.316605e-01
3.021069e+01 1.313889e-01
2.924707e+01 1.309737e-01
2.912720e+01 1.348618e-01
2.935139e+01 1.347185e-01
2.978939e+01 1.360242e-01
3.006905e+01 1.366183e-01
3.006423e+01 1.365984e-01
2.917662e+01 1.377521e-01
3.030095e+01 1.375127e-01
2.941091e+01 1.386373e-01
2.935865e+01 1.381532e-01
3.024436e+01 1.380767e-01
2.894779e+01 1.394366e-01
2.985084e+01 1.387495e-01
3.002115e+01 1.390798e-01
2.999418e+01 1.378258e-01
2.991592e+01 1.384850e-01
2.960357e+01 1.382436e-01
2.992780e+01 1.379097e-01
2.960988e+01 1.390501e-01
2.984439e+01 1.420384e-01
2.942488e+01 1.392716e-01
2.971253e+01 1.390645e-01
2.972412e+01 1.399894e-01
2.955003e+01 1.412087e-01
2.985432e+01 1.415225e-01
2.947344e+01 1.415678e-01
2.975236e+01 1.413526e-01
2.948601e+01 1.431471e-01
2.970728e+01 1.439930e-01
2.982022e+01 1.450968e-01
2.963171e+01 1.449339e-01
2.986723e+01 1.453635e-01
2.966572e+01 1.468382e-01
2.989621e+01 1.464846e-01
3.044241e+01 1.469199e-01
2.991517e+01 1.475708e-01
2.975241e+01 1.491446e-01
3.281846e+01 1.499699e-01
3.355446e+01 1.495140e-01
3.355445e+01 1.505046e-01
3.329606e+01 1.523505e-01
3.300952e+01 1.521392e-01
3.304051e+01 1.533880e-01
3.329244e+01 1.536752e-01
3.319025e+01 1.556875e-01
3.302102e+01 1.557181e-01
3.289525e+01 1.568417e-01
3.323884e+01 1.535504e-01
3.330764e+01 1.524154e-01
3.321015e+01 1.525882e-01
3.309107e+01 1.519428e-01
3.301220e+01 1.517049e-01
3.344422e+01 1.510937e-01
3.329410e+01 1.535264e-01
3.314052e+01 1.521892e-01
3.315424e+01 1.517298e-01
3.311915e+01 1.554343e-01
3.324877e+01 1.539140e-01
3.326178e+01 1.560745e-01
3.304545e+01 1.552514e-01
3.321496e+01 1.514458e-01
3.318199e+01 1.516571e-01
3.332499e+01 1.557266e-01
3.309525e+01 1.540180e-01
3.282155e+01 8.409431e-02
3.286370e+01 8.409269e-02
3.283599e+01 8.355783e-02
3.322034e+01 1.074443e-01
3.365167e+01 1.008194e-01
3.353723e+01 9.977067e-02
3.353797e+01 1.015530e-01
3.364041e+01 9.535395e-02
3.357174e+01 9.290321e-02
3.358042e+01 9.489991e-02
3.357008e+01 9.963097e-02
3.376935e+01 1.008151e-01
3.363197e+01 9.725592e-02
3.336620e+01 9.162521e-02
3.347792e+01 1.050124e-01
3.347458e+01 1.031133e-01
3.332533e+01 1.140863e-01
3.331120e+01 1.141117e-01
3.329332e+01 1.125108e-01
3.301820e+01 1.296028e-01
3.301528e+01 1.145011e-01
3.291467e+01 1.191740e-01
3.305708e+01 1.294339e-01
3.287948e+01 1.387990e-01
3.279389e+01 1.462576e-01
3.265865e+01 1.484174e-01
3.302142e+01 1.487915e-01
3.295135e+01 1.418970e-01
3.319125e+01 1.356407e-01
3.324292e+01 1.319697e-01
3.313553e+01 1.308860e-01
3.338125e+01 1.313977e-01
3.314880e+01 1.177081e-01
3.331454e+01 9.680080e-02
3.299341e+01 9.027554e-02
2.831087e+01 6.484535e-02
2.827808e+01 6.411809e-02
2.847830e+01 6.467049e-02
3.125344e+01 1.404845e-01
3.264057e+01 9.360504e-02
3.230068e+01 1.497805e-01
3.187070e+01 1.477341e-01
3.301018e+01 1.096041e-01
3.171295e+01 1.518261e-01
3.300874e+01 1.266021e-01
3.191838e+01 1.576153e-01
3.322453e+01 1.361239e-01
3.165255e+01 1.568965e-01
3.298151e+01 1.356058e-01
3.199804e+01 1.494200e-01
3.332242e+01 1.334029e-01
3.160355e+01 1.431234e-01
3.298003e+01 1.302519e-01
3.193687e+01 1.365226e-01
3.330428e+01 1.318314e-01
3.213465e+01 1.323409e-01
3.305370e+01 1.377858e-01
3.158074e+01 1.350744e-01
3.288219e+01 1.451549e-01
3.210866e+01 1.387676e-01
3.311135e+01 1.540326e-01
3.200237e+01 1.447016e-01
3.300196e+01 1.681042e-01
3.220129e+01 1.487487e-01
3.327091e+01 1.636890e-01
3.189901e+01 1.504165e-01
3.308857e+01 1.565090e-01
3.185018e+01 1.464109e-01
3.302619e+01 1.536344e-01
3.171356e+01 1.481119e-01
3.000111e+01 1.525208e-01
3.240102e+01 1.536284e-01
2.975661e+01 1.660276e-01
3.293555e+01 1.570908e-01
2.978541e+01 1.783916e-01
3.315753e+01 1.615615e-01
3.290991e+01 1.838513e-01
3.330983e+01 1.727168e-01
3.319375e+01 1.849029e-01
3.290482e+01 1.771895e-01
3.284646e+01 1.783142e-01
3.042541e+01 1.763463e-01
2.952890e+01 1.793737e-01
3.053582e+01 1.749934e-01
3.002170e+01 1.876354e-01
3.250812e+01 1.763120e-01
3.309221e+01 1.726841e-01
3.007300e+01 1.799605e-01
3.311272e+01 1.668947e-01
2.951494e+01 1.670006e-01
3.326546e+01 1.639869e-01
2.934746e+01 1.600885e-01
3.299633e+01 1.628631e-01
2.945479e+01 1.617846e-01
3.120958e+01 1.642748e-01
2.960734e+01 1.682347e-01
2.948629e+01 1.632972e-01
2.958299e+01 1.720708e-01
2.887311e+01 1.636162e-01
2.912858e+01 1.669848e-01
2.967448e+01 1.716180e-01
3.053082e+01 1.742283e-01
3.303438e+01 1.746578e-01
3.275395e+01 1.478689e-01
3.253256e+01 1.506508e-01
3.265614e+01 1.542300e-01
3.276329e+01 1.560550e-01
3.198489e+01 1.563054e-01
2.845087e+01 1.564601e-01
2.873094e+01 1.589497e-01
3.196001e+01 1.593695e-01
3.246893e+01 1.609100e-01
3.160295e+01 2.169396e-01
3.174900e+01 2.157546e-01
3.159116e+01 2.169950e-01
3.315639e+01 1.002943e-01
3.229259e+01 1.613141e-01
3.305636e+01 1.189927e-01
2.798784e+01 1.616911e-01
3.355604e+01 1.182146e-01
2.777282e+01 1.628202e-01
3.354291e+01 1.187651e-01
2.795364e+01 1.627872e-01
3.341461e+01 1.169433e-01
2.803466e+01 1.645304e-01
3.343605e+01 1.148595e-01
3.220281e+01 1.643550e-01
3.334195e+01 1.148895e-01
3.260652e+01 1.642090e-01
3.248884e+01 1.657626e-01
3.318063e+01 1.189144e-01
3.230988e+01 1.660207e-01
3.285712e+01 1.223218e-01
2.745558e+01 1.659559e-01
3.263520e+01 1.188850e-01
2.787985e+01 1.675735e-01
3.260500e+01 1.161992e-01
2.833562e+01 1.670162e-01
2.830623e+01 1.672404e-01
3.274227e+01 1.128316e-01
2.845912e+01 1.667406e-01
3.262077e+01 1.094347e-01
2.837390e+01 1.659863e-01
3.294200e+01 1.080937e-01
2.823492e+01 1.670528e-01
2.800761e+01 1.678108e-01
3.334291e+01 9.872683e-02
2.748655e+01 1.673248e-01
3.335887e+01 1.005379e-01
2.868211e+01 1.653752e-01
3.318732e+01 1.066202e-01
2.851144e+01 1.650289e-01
3.338598e+01 9.949498e-02
2.830108e+01 1.661691e-01
2.818333e+01 1.658655e-01
3.310641e+01 9.883500e-02
2.772273e+01 1.662899e-01
3.372762e+01 8.786582e-02
2.753564e+01 1.644701e-01
3.355446e+01 9.829654e-02
2.802988e+01 1.643575e-01
2.960139e+01 1.645578e-01
3.376858e+01 9.967182e-02
3.270759e+01 1.648221e-01
3.373959e+01 9.540921e-02
3.249420e+01 1.646483e-01
3.362915e+01 9.611814e-02
2.991117e+01 1.640868e-01
3.347663e+01 1.025646e-01
2.745964e+01 1.638473e-01
3.382170e+01 1.025118e-01
3.237811e+01 1.639626e-01
3.350599e+01 1.039033e-01
3.122898e+01 1.629824e-01
2.833848e+01 1.637394e-01
3.349457e+01 1.032279e-01
2.820495e+01 1.642730e-01
3.355725e+01 1.037300e-01
2.811002e+01 1.650306e-01
3.368979e+01 1.008915e-01
2.803352e+01 1.643948e-01
3.350432e+01 9.403017e-02
2.777554e+01 1.634266e-01
3.339848e+01 9.980464e-02
2.760851e+01 1.656061e-01
2.742444e+01 1.677000e-01
3.349995e+01 1.038761e-01
3.330043e+01 1.043255e-01
3.336499e+01 1.012998e-01
3.378089e+01 1.019017e-01
3.354642e+01 1.019442e-01
3.366075e+01 1.018821e-01
3.337699e+01 1.036566e-01
3.376678e+01 1.043406e-01
3.371504e+01 1.028225e-01
3.350723e+01 1.037260e-01
3.350834e+01 1.033914e-01
3.339599e+01 1.027943e-01
3.304762e+01 1.017958e-01
3.322744e+01 1.023027e-01
3.329631e+01 1.021180e-01
3.317824e+01 1.023846e-01
3.346630e+01 1.025380e-01
3.352808e+01 1.021592e-01
3.304498e+01 1.034252e-01
3.333355e+01 1.021217e-01
3.312196e+01 1.020393e-01
3.333728e+01 1.030653e-01
3.336620e+01 1.026537e-01
3.313431e+01 1.029298e-01
3.327837e+01 1.025599e-01
3.326772e+01 1.022636e-01
3.347187e+01 1.025309e-01
3.318085e+01 1.023440e-01
3.343101e+01 1.025202e-01
3.343285e+01 1.026383e-01
3.343212e+01 1.030244e-01
3.347030e+01 1.033809e-01
3.340217e+01 1.038500e-01
3.333928e+01 1.026874e-01
3.322847e+01 1.035555e-01
3.312589e+01 1.027248e-01
3.330593e+01 1.031550e-01
3.355724e+01 1.029625e-01
3.305122e+01 1.024804e-01
3.297314e+01 1.026944e-01
3.325988e+01 1.022192e-01
3.348570e+01 1.009525e-01
3.353911e+01 1.007892e-01
3.345496e+01 1.008326e-01
3.356552e+01 1.001003e-01
3.371113e+01 1.000823e-01
3.379893e+01 1.003905e-01
3.369571e+01 9.986482e-02
3.377622e+01 1.001800e-01
3.341753e+01 9.989705e-02
3.339991e+01 9.882403e-02
3.368155e+01 9.832221e-02
3.349446e+01 9.779655e-02
3.341505e+01 9.800964e-02
3.367124e+01 1.046762e-01
3.345305e+01 1.029246e-01
3.373361e+01 9.475708e-02
3.359596e+01 9.646779e-02
3.359233e+01 9.668719e-02
3.360469e+01 9.974720e-02
3.391578e+01 9.899902e-02
3.363072e+01 1.188290e-01
3.387490e+01 1.193539e-01
3.355082e+01 1.137882e-01
3.340802e+01 1.152061e-01
3.329649e+01 1.201332e-01
3.317945e+01 1.381911e-01
3.323737e+01 1.436283e-01
3.337735e+01 1.348773e-01
3.332614e+01 1.231249e-01
3.337310e+01 1.192642e-01
3.325546e+01 1.274954e-01
3.267504e+01 1.254951e-01
3.297919e+01 1.098622e-01
3.318003e+01 1.191720e-01
3.288013e+01 1.375213e-01
3.342006e+01 1.439476e-01
3.336001e+01 1.620917e-01
3.030110e+01 1.597677e-01
2.934089e+01 1.710314e-01
3.324233e+01 1.918215e-01
3.283293e+01 2.000501e-01
3.091260e+01 2.050347e-01
3.032442e+01 2.064233e-01
2.529538e+01 9.040972e-02
2.551636e+01 9.033486e-02
2.548874e+01 9.105683e-02
3.350511e+01 7.823429e-02
3.342512e+01 9.787419e-02
3.329027e+01 1.038813e-01
3.366840e+01 9.988816e-02
3.327777e+01 1.032987e-01
3.367183e+01 1.046503e-01
3.370352e+01 1.050018e-01
3.377330e+01 1.067413e-01
3.331904e+01 1.099760e-01
3.336045e+01 1.102971e-01
3.348522e+01 1.128692e-01
3.338540e+01 1.127329e-01
3.335256e+01 1.132162e-01
3.356658e+01 1.120503e-01
3.359221e+01 1.137374e-01
3.342475e+01 1.166937e-01
3.345581e+01 1.128068e-01
3.341018e+01 1.147894e-01
3.331005e+01 1.145904e-01
3.334374e+01 1.139513e-01
3.354435e+01 1.140379e-01
3.361274e+01 1.141356e-01
3.324472e+01 1.130327e-01
3.339055e+01 1.125986e-01
3.326248e+01 1.123339e-01
3.311873e+01 1.129650e-01
3.328232e+01 1.128488e-01
3.347153e+01 1.120392e-01
3.344586e+01 1.109974e-01
3.337814e+01 1.115131e-01
3.351561e+01 1.108969e-01
3.368901e+01 1.111803e-01
3.322147e+01 1.109762e-01
3.332626e+01 1.130577e-01
3.354704e+01 1.149790e-01
3.318415e+01 1.170053e-01
3.342646e+01 1.189270e-01
3.350056e+01 1.208433e-01
3.334757e+01 1.217845e-01
3.336107e+01 1.246551e-01
3.328672e+01 1.285663e-01
3.329327e+01 1.318870e-01
3.335895e+01 1.337594e-01
3.334522e+01 1.356319e-01
3.350399e+01 1.384518e-01
3.332166e+01 1.399582e-01
3.338740e+01 1.400780e-01
3.323507e+01 1.416604e-01
3.342930e+01 1.413957e-01
3.330530e+01 1.410391e-01
3.331711e+01 1.410450e-01
3.340033e+01 1.419330e-01
3.360965e+01 1.413627e-01
3.363782e+01 1.387770e-01
3.343052e+01 1.354225e-01
3.329168e+01 1.323008e-01
3.343341e+01 1.273597e-01
3.331307e+01 1.248687e-01
3.362025e+01 1.226866e-01
3.341058e+01 1.230954e-01
3.342709e+01 1.228756e-01
3.304497e+01 1.233912e-01
3.315762e+01 1.239112e-01
3.320625e+01 1.250927e-01
3.335468e+01 1.262072e-01
3.321998e+01 1.273407e-01
3.348415e+01 1.286963e-01
3.307440e+01 1.292219e-01
3.326604e+01 1.285428e-01
3.319664e+01 1.290139e-01
3.307236e+01 1.291874e-01
3.342081e+01 1.295550e-01
2.671134e+01 6.667751e-02
2.676522e+01 6.636501e-02
2.658884e+01 6.644867e-02
3.023926e+01 1.615000e-01
3.033807e+01 1.256111e-01
3.216821e+01 1.122208e-01
3.299816e+01 1.108339e-01
3.340986e+01 1.139531e-01
3.306548e+01 1.131233e-01
3.373969e+01 1.116708e-01
3.369346e+01 1.091442e-01
3.376131e+01 1.095765e-01
3.348416e+01 1.100145e-01
3.348320e+01 1.100179e-01
3.359557e+01 1.072529e-01
3.345112e+01 1.080025e-01
3.345883e+01 1.073457e-01
3.366531e+01 1.058670e-01
3.356824e+01 1.039784e-01
3.351189e+01 1.007242e-01
3.327833e+01 9.914920e-02
3.356169e+01 1.001047e-01
3.350629e+01 1.005977e-01
3.327684e+01 1.009068e-01
3.344538e+01 1.017245e-01
3.355681e+01 9.998623e-02
3.360011e+01 1.001748e-01
3.329143e+01 9.978349e-02
3.362443e+01 9.855311e-02
3.340621e+01 9.756788e-02
3.362922e+01 9.723392e-02
3.363995e+01 1.003651e-01
3.359344e+01 1.039436e-01
3.359950e+01 1.039881e-01
3.359393e+01 1.033389e-01
3.327452e+01 1.070016e-01
3.349872e+01 1.005402e-01
3.332283e+01 9.837121e-02
3.345018e+01 9.762561e-02
3.353450e+01 1.001275e-01
3.356060e+01 1.055714e-01
3.359762e+01 1.048279e-01
3.330453e+01 1.011056e-01
3.346507e+01 1.124024e-01
3.308456e+01 1.129303e-01
3.328469e+01 1.176846e-01
3.322495e+01 1.249537e-01
3.336917e+01 1.295689e-01
3.261594e+01 1.311557e-01
3.264181e+01 1.272112e-01
3.263550e+01 1.178464e-01
3.272031e+01 1.372051e-01
3.272709e+01 1.497928e-01
3.270754e+01 1.547769e-01
2.497984e+01 1.307819e-01
2.510070e+01 1.303481e-01
2.491065e+01 1.312072e-01
2.942488e+01 1.136730e-01
3.261596e+01 1.517379e-01
3.049344e+01 1.359498e-01
3.275750e+01 1.463663e-01
2.989212e+01 1.359509e-01
2.957711e+01 1.353566e-01
3.251706e+01 1.418248e-01
3.312979e+01 1.405874e-01
3.268267e+01 1.433095e-01
3.333251e+01 1.387664e-01
3.261333e+01 1.451337e-01
3.303049e+01 1.409049e-01
3.290886e+01 1.432456e-01
3.332247e+01 1.445906e-01
3.297960e+01 1.406708e-01
3.319646e+01 1.444715e-01
3.276635e+01 1.386540e-01
3.307932e+01 1.403028e-01
3.258217e+01 1.387969e-01
3.345931e+01 1.349636e-01
3.244791e+01 1.357969e-01
3.332410e+01 1.288141e-01
3.287625e+01 1.228483e-01
3.293469e+01 1.301622e-01
3.283241e+01 1.367406e-01
3.252794e+01 1.140801e-01
3.268446e+01 1.442285e-01
3.256361e+01 1.138737e-01
3.263439e+01 1.506458e-01
3.236509e+01 1.236943e-01
3.284323e+01 1.403981e-01
3.220508e+01 1.162038e-01
3.218402e+01 1.368249e-01
3.269352e+01 1.304700e-01
3.233886e+01 1.545969e-01
3.304536e+01 1.224001e-01
3.268930e+01 1.562391e-01
3.270420e+01 1.249969e-01
3.270389e+01 1.625486e-01
3.227898e+01 1.141237e-01
3.294163e+01 1.513628e-01
3.288939e+01 1.174798e-01
3.290565e+01 1.523111e-01
3.271691e+01 1.316586e-01
3.307875e+01 1.385575e-01
3.322939e+01 1.300382e-01
3.322906e+01 1.375527e-01
3.239248e+01 1.267177e-01
3.075717e+01 1.506820e-01
3.275687e+01 1.291366e-01
3.193470e+01 1.529599e-01
3.247717e+01 1.155192e-01
3.172317e+01 1.600238e-01
3.131693e+01 1.181479e-01
2.990318e+01 1.713493e-01
3.103542e+01 1.137651e-01
3.128949e+01 1.630392e-01
3.102454e+01 1.155076e-01
3.142848e+01 1.785992e-01
3.155599e+01 1.159015e-01
3.294348e+01 1.701284e-01
3.353951e+01 1.167460e-01
3.264504e+01 1.813455e-01
3.342146e+01 1.192998e-01
3.253651e+01 1.817894e-01
3.328836e+01 1.204372e-01
3.276382e+01 1.767569e-01
3.329187e+01 1.213744e-01
3.143622e+01 1.790166e-01
3.363717e+01 1.000670e-01
3.129958e+01 1.836060e-01
3.345240e+01 9.947148e-02
3.277889e+01 1.814733e-01
3.342379e+01 1.016368e-01
3.286849e+01 1.768376e-01
3.352122e+01 1.036599e-01
3.265328e+01 1.863757e-01
3.337974e+01 1.034759e-01
3.340303e+01 1.033928e-01
3.111077e+01 1.858475e-01
3.361559e+01 1.025343e-01
2.877859e+01 1.899402e-01
2.938997e+01 1.818893e-01
3.388228e+01 1.027337e-01
2.921671e+01 1.807432e-01
3.353252e+01 1.021569e-01
3.088652e+01 1.783007e-01
3.392760e+01 1.027770e-01
3.269231e+01 2.042695e-01
3.357901e+01 1.005477e-01
3.262835e+01 2.052407e-01
3.374942e+01 9.772343e-02
3.252735e+01 2.066237e-01
3.357709e+01 9.552705e-02
3.119745e+01 2.213276e-01
3.350568e+01 9.563886e-02
2.940640e+01 2.244686e-01
3.366344e+01 9.589458e-02
3.292144e+01 2.251886e-01
3.369952e+01 9.805458e-02
3.350538e+01 9.646853e-02
3.279777e+01 2.111282e-01
3.302912e+01 9.404040e-02
3.287130e+01 2.068375e-01
3.307738e+01 9.424300e-02
3.320898e+01 1.854701e-01
3.324999e+01 9.472425e-02
3.313661e+01 9.286407e-02
3.330407e+01 9.211668e-02
2.749174e+01 6.862260e-02
2.752467e+01 6.814107e-02
2.755802e+01 6.869547e-02
3.033507e+01 1.287145e-01
3.328231e+01 9.273774e-02
3.311251e+01 1.418487e-01
3.326444e+01 9.243560e-02
3.307902e+01 1.455271e-01
3.327328e+01 9.230567e-02
3.310522e+01 1.449374e-01
3.314141e+01 9.224865e-02
3.342399e+01 1.260943e-01
3.329120e+01 9.210264e-02
3.349372e+01 1.407242e-01
3.327341e+01 9.136725e-02
3.346874e+01 1.385863e-01
3.330558e+01 9.182820e-02
3.299704e+01 1.395508e-01
3.314313e+01 9.175319e-02
3.325388e+01 1.425639e-01
3.328955e+01 9.172920e-02
3.307299e+01 1.452271e-01
3.317946e+01 9.171553e-02
3.326667e+01 1.479021e-01
3.339669e+01 9.171587e-02
3.218876e+01 1.490262e-01
3.329533e+01 9.199781e-02
3.185301e+01 1.518014e-01
3.346770e+01 9.273325e-02
3.212575e+01 1.287050e-01
3.332895e+01 9.172720e-02
3.177222e+01 1.272976e-01
3.322193e+01 9.173801e-02
3.188049e+01 1.288749e-01
3.347131e+01 9.177080e-02
3.330235e+01 9.221256e-02
3.147259e+01 1.308404e-01
3.329861e+01 9.305856e-02
3.178067e+01 1.340921e-01
3.098991e+01 1.381304e-01
3.208853e+01 1.414382e-01
3.166686e+01 1.436824e-01
3.144973e+01 1.426536e-01
3.194063e+01 1.455494e-01
3.184842e+01 1.457712e-01
3.141417e+01 1.457114e-01
3.086820e+01 1.476115e-01
3.312551e+01 1.457752e-01
3.305521e+01 1.468827e-01
3.340813e+01 1.482787e-01
3.316508e+01 1.484648e-01
3.321223e+01 1.495202e-01
3.312481e+01 1.503206e-01
3.326399e+01 1.504332e-01
3.324345e+01 1.507894e-01
3.355001e+01 1.516648e-01
3.180121e+01 1.515533e-01
3.191858e+01 1.522014e-01
3.277503e+01 1.522252e-01
3.310301e+01 1.545359e-01
3.309529e+01 1.548470e-01
3.139606e+01 1.553328e-01
3.140926e+01 1.551058e-01
3.149505e+01 1.536636e-01
2.379659e+01 2.360673e-01
2.372078e+01 2.348732e-01
2.371126e+01 2.350305e-01
3.135901e+01 1.784755e-01
3.149938e+01 1.552023e-01
3.142566e+01 2.004077e-01
3.085577e+01 2.018707e-01
3.145777e+01 1.542259e-01
3.141386e+01 2.030787e-01
3.189090e+01 1.558886e-01
3.136405e+01 2.040309e-01
3.130531e+01 1.555100e-01
3.134234e+01 2.042197e-01
3.161368e+01 1.567985e-01
3.027654e+01 2.068666e-01
3.037664e+01 1.556711e-01
3.149693e+01 2.079358e-01
3.177645e+01 1.556123e-01
3.125959e+01 2.087148e-01
3.151969e+01 1.574374e-01
3.089079e+01 2.093394e-01
3.150989e+01 1.564112e-01
3.146672e+01 2.117710e-01
3.153500e+01 1.561959e-01
3.068279e+01 2.121287e-01
3.128487e+01 1.567499e-01
3.146518e+01 2.140751e-01
3.168863e+01 1.558685e-01
3.261359e+01 2.147332e-01
3.162216e+01 1.566199e-01
3.276775e+01 2.176157e-01
3.158383e+01 1.559520e-01
3.122660e+01 2.185577e-01
3.129814e+01 1.568108e-01
3.137642e+01 2.178479e-01
3.154767e+01 1.542370e-01
3.118510e+01 2.204885e-01
3.152676e+01 1.548431e-01
3.123099e+01 2.213188e-01
3.164664e+01 1.534911e-01
3.104436e+01 2.231762e-01
3.136862e+01 1.535103e-01
3.119167e+01 2.241075e-01
3.176460e+01 1.531542e-01
3.123478e+01 2.245767e-01
3.158963e+01 1.543431e-01
3.278352e+01 2.253557e-01
3.166629e+01 1.531727e-01
3.262523e+01 2.252252e-01
3.162861e+01 1.511517e-01
3.277957e+01 2.274660e-01
3.145144e+01 1.516733e-01
3.272644e+01 2.303758e-01
3.159176e+01 1.510499e-01
3.291634e+01 2.309470e-01
3.150956e+01 1.518129e-01
3.162193e+01 1.498791e-01
3.304273e+01 2.315441e-01
3.165111e+01 1.506469e-01
3.265998e+01 2.308471e-01
3.314189e+01 1.503323e-01
3.109661e+01 2.331634e-01
3.325544e+01 1.508511e-01
3.118494e+01 2.316009e-01
3.286513e+01 1.515566e-01
3.148004e+01 2.339387e-01
3.308494e+01 1.496145e-01
3.116573e+01 2.351745e-01
3.320012e+01 1.494457e-01
3.086026e+01 2.355329e-01
3.317323e+01 1.477763e-01
3.113796e+01 2.342853e-01
3.295696e+01 1.462717e-01
3.119902e+01 2.351153e-01
3.151597e+01 1.457685e-01
3.305286e+01 2.364183e-01
3.125820e+01 1.439442e-01
3.293792e+01 2.373459e-01
3.133072e+01 1.437755e-01
3.290790e+01 2.374655e-01
3.131566e+01 1.436617e-01
3.159574e+01 1.442932e-01
3.292027e+01 2.376551e-01
3.145506e+01 1.435941e-01
3.299444e+01 2.369267e-01
3.157819e+01 1.399086e-01
3.291754e+01 2.372153e-01
3.342373e+01 1.406509e-01
3.140785e+01 2.364938e-01
3.345833e+01 1.437335e-01
3.103679e+01 2.379203e-01
3.348369e+01 1.397452e-01
3.334489e+01 1.421075e-01
3.099271e+01 2.364622e-01
3.342030e+01 1.427447e-01
3.130990e+01 2.368455e-01
3.330911e+01 1.422737e-01
3.121285e+01 2.363653e-01
3.171163e+01 1.427954e-01
3.085238e+01 2.361635e-01
3.101695e+01 1.431724e-01
3.120006e+01 2.358766e-01
3.088913e+01 1.440654e-01
3.089329e+01 2.346487e-01
3.109779e+01 1.436643e-01
3.075589e+01 1.445956e-01
3.075629e+01 2.352770e-01
3.053351e+01 1.425141e-01
3.107041e+01 2.354629e-01
3.113772e+01 1.424139e-01
3.090899e+01 2.362472e-01
3.115900e+01 1.431256e-01
3.101276e+01 2.354650e-01
3.126853e+01 1.418362e-01
3.108899e+01 2.358161e-01
3.071723e+01 1.425435e-01
3.090612e+01 2.363195e-01
3.083025e+01 1.425384e-01
3.109052e+01 2.353458e-01
3.059489e+01 1.417186e-01
3.089364e+01 2.361539e-01
3.092895e+01 1.436543e-01
3.110171e+01 2.359084e-01
3.081207e+01 1.427644e-01
3.070592e+01 1.427879e-01
3.092734e+01 2.361520e-01
3.016200e+01 1.420514e-01
3.115285e+01 2.364371e-01
3.079863e+01 2.366886e-01
3.081529e+01 2.368796e-01
3.150851e+01 2.370108e-01
3.118881e+01 2.376510e-01
3.082743e+01 2.385258e-01
3.084110e+01 2.393413e-01
3.080359e+01 2.395236e-01
3.106437e+01 2.404443e-01
3.079357e+01 2.413010e-01
3.099013e+01 2.416495e-01
3.082499e+01 2.435070e-01
3.123489e+01 2.438044e-01
3.116034e+01 2.446761e-01
3.289099e+01 5.080682e-02
3.307271e+01 5.124195e-02
3.301781e+01 5.128514e-02
3.340566e+01 9.848596e-02
3.367454e+01 8.642517e-02
3.356472e+01 8.668883e-02
3.341450e+01 8.848500e-02
3.355773e+01 8.833889e-02
3.325962e+01 8.908021e-02
3.379208e+01 9.005000e-02
3.365744e+01 9.122251e-02
3.348555e+01 9.146581e-02
3.346229e+01 9.192546e-02
3.376299e+01 9.225740e-02
3.350143e+01 9.354099e-02
2.570645e+01 1.144568e-01
2.581365e+01 1.133082e-01
2.581704e+01 1.135740e-01
3.163079e+01 1.310207e-01
3.370574e+01 9.350394e-02
3.137599e+01 1.464935e-01
3.383277e+01 9.363165e-02
3.144305e+01 1.539838e-01
3.351626e+01 9.322737e-02
3.133090e+01 1.589665e-01
3.362608e+01 9.493295e-02
3.146273e+01 1.513880e-01
3.375258e+01 9.436633e-02
3.152055e+01 1.477703e-01
3.359832e+01 9.446210e-02
3.354417e+01 9.499070e-02
3.000805e+01 1.439291e-01
3.340572e+01 9.535056e-02
2.997120e+01 1.379557e-01
3.347995e+01 9.535554e-02
3.007009e+01 1.344596e-01
3.390469e+01 9.608302e-02
3.001480e+01 1.348008e-01
3.376597e+01 9.705521e-02
2.971419e+01 1.361319e-01
3.349916e+01 9.653421e-02
3.353008e+01 9.512761e-02
2.946295e+01 1.271628e-01
3.353622e+01 9.120302e-02
2.939445e+01 1.348535e-01
3.379846e+01 9.439955e-02
2.952295e+01 1.376468e-01
3.364781e+01 9.705179e-02
2.951016e+01 1.335503e-01
3.351027e+01 9.735988e-02
2.946752e+01 1.281387e-01
3.375853e+01 9.851881e-02
2.974492e+01 1.195918e-01
3.367164e+01 9.986442e-02
3.390240e+01 9.558137e-02
3.230353e+01 1.150612e-01
3.385028e+01 9.193897e-02
3.253499e+01 1.252881e-01
3.374785e+01 9.241917e-02
3.268253e+01 1.305782e-01
3.366458e+01 9.491917e-02
3.278789e+01 1.511504e-01
3.373559e+01 1.002229e-01
3.282691e+01 1.397665e-01
3.371488e+01 9.886937e-02
3.315840e+01 1.426323e-01
3.405014e+01 9.423763e-02
3.358418e+01 1.144189e-01
3.367379e+01 9.028191e-02
3.351095e+01 1.175094e-01
3.363947e+01 1.025043e-01
3.345136e+01 1.323353e-01
3.351373e+01 1.020076e-01
3.326571e+01 1.296616e-01
3.362329e+01 1.109133e-01
3.145064e+01 1.086777e-01
3.338803e+01 1.114669e-01
3.103917e+01 9.902042e-02
3.354205e+01 1.075987e-01
3.121835e+01 9.989506e-02
3.327301e+01 1.234046e-01
3.079863e+01 1.024913e-01
3.297402e+01 1.193769e-01
3.115985e+01 1.026651e-01
3.302322e+01 1.169651e-01
3.308525e+01 1.085332e-01
3.278216e+01 1.233603e-01
3.321586e+01 1.020583e-01
3.271364e+01 1.402729e-01
3.342515e+01 9.478305e-02
3.312540e+01 1.431562e-01
3.316543e+01 9.460641e-02
3.328139e+01 1.410905e-01
3.325810e+01 9.484839e-02
3.329139e+01 1.338264e-01
3.335101e+01 9.365946e-02
3.343444e+01 1.324579e-01
3.314527e+01 9.835343e-02
3.349459e+01 1.311447e-01
3.329342e+01 9.703418e-02
3.312655e+01 1.308848e-01
3.323014e+01 9.416571e-02
3.361896e+01 9.319157e-02
3.330007e+01 1.302380e-01
3.351788e+01 9.210995e-02
3.315986e+01 1.122033e-01
3.355637e+01 9.387338e-02
3.283205e+01 9.573668e-02
3.329006e+01 9.303239e-02
3.310531e+01 8.823465e-02
3.272330e+01 9.051324e-02
3.269391e+01 9.973530e-02
3.289240e+01 1.139582e-01
3.264296e+01 1.210705e-01
3.289970e+01 1.384499e-01
3.323608e+01 1.484455e-01
3.330379e+01 1.534444e-01
3.312049e+01 1.470127e-01
3.314569e+01 1.351206e-01
3.308984e+01 1.353454e-01
3.307771e+01 1.458772e-01
3.241767e+01 1.516804e-01
3.113647e+01 1.540672e-01
3.301162e+01 1.657205e-01
3.315550e+01 1.460556e-01
3.324336e+01 1.542184e-01
3.295534e+01 1.436862e-01
3.253902e+01 1.544746e-01
3.284483e+01 1.579948e-01
3.298197e+01 1.608546e-01
3.199966e+01 1.713742e-01
3.144743e+01 1.648628e-01
3.302194e+01 1.650565e-01
3.318299e+01 1.636861e-01
3.295920e+01 1.556118e-01
3.293936e+01 1.871151e-01
2.896997e+01 1.862801e-01
3.301741e+01 1.862904e-01
2.704823e+01 1.414452e-01
2.708366e+01 1.411579e-01
2.691310e+01 1.410554e-01
3.204711e+01 1.640432e-01
3.207649e+01 1.438566e-01
3.262110e+01 1.585319e-01
3.306737e+01 1.545997e-01
3.331371e+01 1.317533e-01
3.336804e+01 1.343799e-01
3.335084e+01 1.501767e-01
3.163334e+01 1.506651e-01
3.119488e+01 1.547947e-01
3.065352e+01 1.588983e-01
3.056624e+01 1.634195e-01
2.989436e+01 1.668867e-01
3.091269e+01 1.707733e-01
3.297586e+01 1.711204e-01
3.327051e+01 1.705497e-01
3.328607e+01 1.769684e-01
3.293584e+01 1.818869e-01
3.302524e+01 1.881508e-01
3.237726e+01 1.873551e-01
2.923679e+01 1.747084e-01
2.908870e+01 1.673670e-01
3.221716e+01 1.664417e-01
3.305969e+01 1.694740e-01
3.279605e+01 1.714104e-01
2.975287e+01 1.740955e-01
2.914748e+01 1.787784e-01
2.917763e+01 1.809336e-01
2.974970e+01 1.813148e-01
3.264462e+01 1.848847e-01
3.263925e+01 1.893006e-01
3.257894e+01 1.918861e-01
2.962108e+01 1.686375e-01
2.950749e+01 1.656145e-01
2.951773e+01 1.740174e-01
2.932962e+01 1.736129e-01
2.946117e+01 1.732283e-01
2.928137e+01 1.773436e-01
2.963716e+01 1.777908e-01
2.935027e+01 1.772089e-01
2.925340e+01 1.820891e-01
2.935305e+01 1.828711e-01
2.948531e+01 1.854568e-01
2.945370e+01 1.830595e-01
2.966855e+01 1.835153e-01
2.919140e+01 1.807664e-01
3.275593e+01 1.821127e-01
3.308008e+01 1.822632e-01
2.945343e+01 1.801966e-01
3.032671e+01 1.821122e-01
3.298763e+01 1.828786e-01
3.310640e+01 1.840204e-01
3.038383e+01 1.877895e-01
2.963390e+01 1.860726e-01
3.283906e+01 1.884742e-01
3.180684e+01 1.879525e-01
2.982478e+01 1.871978e-01
2.913152e+01 1.862761e-01
2.929966e+01 1.830546e-01
2.895909e+01 1.789599e-01
3.076070e+01 1.747078e-01
3.326715e+01 1.670652e-01
3.280536e+01 1.654419e-01
3.316024e+01 1.617289e-01
3.307769e+01 1.685193e-01
3.269398e+01 1.768260e-01
3.317975e+01 1.471439e-01
2.998898e+01 1.699080e-01
3.167118e+01 1.518181e-01
3.093208e+01 1.551681e-01
2.959494e+01 1.562788e-01
3.294102e+01 1.560748e-01
3.297807e+01 1.571942e-01
3.271034e+01 1.579345e-01
3.335838e+01 1.588910e-01
3.296949e+01 1.601440e-01
3.296646e+01 1.584845e-01
3.159424e+01 1.602515e-01
2.921482e+01 1.612746e-01
3.016584e+01 1.620856e-01
3.196971e+01 1.611367e-01
3.166955e+01 1.609177e-01
3.296163e+01 1.608689e-01
3.322449e+01 1.606513e-01
3.297334e+01 1.633770e-01
3.186136e+01 1.627267e-01
2.895085e+01 1.634083e-01
2.886801e+01 1.620681e-01
2.948674e+01 1.636941e-01
2.820907e+01 7.796967e-02
2.775558e+01 7.752116e-02
2.798559e+01 7.727082e-02
3.070759e+01 1.656682e-01
3.109516e+01 1.519648e-01
3.094850e+01 1.471236e-01
3.084731e+01 1.467176e-01
3.173098e+01 1.419508e-01
3.305973e+01 1.274551e-01
3.319471e+01 1.259864e-01
3.321730e+01 1.173741e-01
3.312609e+01 1.124408e-01
3.202665e+01 1.078386e-01
3.177454e+01 1.168573e-01
3.291079e+01 1.215902e-01
3.309634e+01 1.224060e-01
3.306415e+01 1.209718e-01
3.297052e+01 1.298776e-01
3.263862e+01 1.237947e-01
3.298484e+01 1.238783e-01
3.320428e+01 1.258114e-01
3.304405e+01 1.316067e-01
3.329680e+01 1.333893e-01
3.328835e+01 1.406710e-01
3.317997e+01 1.377082e-01
3.307325e+01 1.426657e-01
3.002764e+01 1.422810e-01
3.130044e+01 1.342495e-01
3.149401e+01 1.349813e-01
3.064659e+01 1.354473e-01
3.101809e+01 1.318438e-01
3.206164e+01 1.105913e-01
3.235653e+01 1.051209e-01
3.306335e+01 8.461052e-02
3.350269e+01 8.985812e-02
3.337716e+01 1.147557e-01
3.345884e+01 1.290244e-01
3.328907e+01 1.296430e-01
3.343783e+01 1.307865e-01
3.348926e+01 1.307473e-01
3.304871e+01 1.309211e-01
3.320170e+01 1.316007e-01
3.350195e+01 1.310868e-01
3.321540e+01 1.305262e-01
3.325786e+01 1.302544e-01
3.303084e+01 1.311887e-01
3.326587e+01 1.317805e-01
3.320184e+01 1.310636e-01
3.314616e+01 1.309238e-01
3.301637e+01 1.330430e-01
3.324539e+01 1.351053e-01
3.301446e+01 1.355970e-01
3.302977e+01 1.369712e-01
3.270380e+01 1.448941e-01
3.247094e+01 1.430390e-01
3.256951e+01 1.376755e-01
3.277808e+01 1.346107e-01
3.264942e+01 1.270730e-01
3.287459e+01 1.209527e-01
3.299410e+01 1.249276e-01
3.303324e+01 1.227360e-01
3.282373e+01 1.220318e-01
3.307170e+01 1.163827e-01
3.269744e+01 1.288607e-01
3.262069e+01 1.294809e-01
3.325295e+01 1.270608e-01
3.301769e+01 1.226554e-01
3.324723e+01 1.233657e-01
3.231681e+01 1.188196e-01
3.095121e+01 1.123199e-01
3.131085e+01 1.112983e-01
3.354083e+01 1.110387e-01
3.326993e+01 1.087240e-01
3.316134e+01 1.032232e-01
3.344005e+01 1.023186e-01
3.347072e+01 1.015897e-01
3.346388e+01 1.037440e-01
3.359104e+01 1.019827e-01
3.349485e+01 1.023583e-01
3.331122e+01 1.029893e-01
3.363888e+01 1.021390e-01
3.349131e+01 1.013566e-01
3.360790e+01 1.021076e-01
3.330821e+01 1.014233e-01
3.336622e+01 1.008948e-01
3.367611e+01 1.024640e-01
3.387892e+01 1.022922e-01
3.370804e+01 1.020990e-01
3.379402e+01 1.029289e-01
3.357807e+01 1.016093e-01
3.372125e+01 9.773738e-02
3.356976e+01 9.548259e-02
3.354986e+01 9.608544e-02
3.387699e+01 9.590397e-02
3.357623e+01 9.810387e-02
3.327212e+01 9.585997e-02
3.315210e+01 9.414502e-02
3.318495e+01 9.422360e-02
3.340270e+01 9.377444e-02
3.309644e+01 9.267241e-02
3.327975e+01 9.267644e-02
3.346425e+01 9.258352e-02
3.330301e+01 9.280439e-02
3.331308e+01 9.254475e-02
3.321044e+01 9.228868e-02
3.334326e+01 9.212297e-02
3.313411e+01 9.182145e-02
3.337249e+01 9.216150e-02
3.308775e+01 9.210354e-02
3.291068e+01 9.164819e-02
3.327111e+01 9.226129e-02
3.342036e+01 9.170495e-02
3.326133e+01 9.178024e-02
3.331424e+01 9.294479e-02
3.324997e+01 9.185621e-02
3.346834e+01 9.153789e-02
3.338562e+01 9.155401e-02
3.322137e+01 9.271601e-02
3.351539e+01 9.247375e-02
2.776097e+01 6.853137e-02
2.769715e+01 6.863798e-02
2.776506e+01 6.855736e-02
3.302405e+01 1.367203e-01
3.320035e+01 1.447795e-01
3.312372e+01 1.466406e-01
3.310753e+01 1.490598e-01
3.304012e+01 1.546294e-01
3.321950e+01 1.523081e-01
3.187336e+01 1.501577e-01
3.180255e+01 1.546147e-01
3.184334e+01 1.561983e-01
3.200103e+01 1.527084e-01
3.188206e+01 1.460908e-01
3.164676e+01 1.397319e-01
3.227341e+01 1.348715e-01
3.183807e+01 1.380532e-01
3.189706e+01 1.406298e-01
3.174884e+01 1.377346e-01
3.190131e+01 1.568070e-01
3.032180e+01 1.515575e-01
3.047346e+01 1.525244e-01
3.209110e+01 1.453395e-01
3.187148e+01 1.458209e-01
3.211671e+01 1.500847e-01
2.586708e+01 1.131004e-01
2.585037e+01 1.137616e-01
2.580678e+01 1.126060e-01
3.374347e+01 1.291841e-01
3.361917e+01 1.404001e-01
3.197409e+01 1.532257e-01
3.325152e+01 1.485627e-01
3.188273e+01 1.422296e-01
3.344614e+01 1.470518e-01
3.152977e+01 1.442009e-01
3.007457e+01 1.518114e-01
3.300555e+01 1.454349e-01
2.956130e+01 1.494685e-01
3.322728e+01 1.457982e-01
2.961842e+01 1.455363e-01
3.326013e+01 1.455089e-01
3.001213e+01 1.432139e-01
3.347643e+01 1.463722e-01
2.990076e+01 1.453286e-01
3.306182e+01 1.464884e-01
3.029485e+01 1.471775e-01
3.187023e+01 1.462958e-01
2.983688e+01 1.508352e-01
3.186000e+01 1.486030e-01
2.992950e+01 1.462068e-01
3.281204e+01 1.571538e-01
3.299713e+01 1.505354e-01
3.323353e+01 1.599539e-01
3.311032e+01 1.572456e-01
3.290055e+01 1.649424e-01
3.308470e+01 1.516444e-01
3.324077e+01 1.680656e-01
3.335926e+01 1.489265e-01
3.337540e+01 1.480749e-01
3.303198e+01 1.567149e-01
3.161616e+01 1.476206e-01
3.291870e+01 1.496722e-01
3.133623e+01 1.470112e-01
3.305095e+01 1.761940e-01
3.060042e+01 1.488408e-01
3.293985e+01 1.778822e-01
3.063540e+01 1.503131e-01
2.930721e+01 1.760006e-01
3.025139e+01 1.506071e-01
2.939216e+01 1.766911e-01
2.935331e+01 1.768621e-01
3.047953e+01 1.513023e-01
3.049197e+01 1.760330e-01
3.305664e+01 1.504600e-01
3.025877e+01 1.749508e-01
3.340059e+01 1.523130e-01
2.919726e+01 1.769459e-01
3.337065e+01 1.552237e-01
3.351991e+01 1.576076e-01
3.006068e+01 1.796973e-01
3.337704e+01 1.581384e-01
2.986974e+01 1.775169e-01
3.252081e+01 1.573395e-01
3.023243e+01 1.798360e-01
3.036079e+01 1.592837e-01
2.979643e+01 1.825151e-01
2.986058e+01 1.605155e-01
2.972306e+01 1.859855e-01
3.031204e+01 1.567121e-01
2.995139e+01 1.863460e-01
2.988751e+01 1.601502e-01
2.972898e+01 1.862185e-01
3.077908e+01 1.597698e-01
2.940040e+01 1.864723e-01
2.979453e+01 1.622274e-01
2.973732e+01 1.631533e-01
3.002153e+01 1.705822e-01
2.989717e+01 1.636735e-01
2.990173e+01 1.658771e-01
2.984271e+01 1.634104e-01
2.976671e+01 1.633014e-01
3.052048e+01 1.635815e-01
2.959659e+01 1.602634e-01
2.974708e+01 1.639622e-01
2.973218e+01 1.634706e-01
2.983498e+01 1.667742e-01
3.005913e+01 1.644747e-01
2.973087e+01 1.661626e-01
2.968047e+01 1.685656e-01
2.983058e+01 1.653245e-01
2.962010e+01 1.729864e-01
2.945791e+01 1.661091e-01
2.973692e+01 1.747436e-01
2.981398e+01 1.650878e-01
2.976515e+01 1.732679e-01
3.023613e+01 1.662382e-01
2.994071e+01 1.723608e-01
3.033018e+01 1.648166e-01
2.982004e+01 1.650528e-01
2.979652e+01 1.690376e-01
2.967854e+01 1.655540e-01
3.003287e+01 1.715275e-01
3.032469e+01 1.668079e-01
2.986651e+01 1.724352e-01
3.301898e+01 1.655188e-01
2.966386e+01 1.727719e-01
3.313422e+01 1.652608e-01
2.954123e+01 1.736602e-01
3.275963e+01 1.657821e-01
2.973152e+01 1.717629e-01
2.981485e+01 1.651225e-01
3.300006e+01 1.741461e-01
3.004449e+01 1.638110e-01
3.343058e+01 1.743928e-01
3.315892e+01 1.654115e-01
3.294804e+01 1.730756e-01
3.316980e+01 1.643259e-01
2.976186e+01 1.740827e-01
2.996341e+01 1.663248e-01
2.994134e+01 1.770165e-01
3.037903e+01 1.642064e-01
3.296478e+01 1.667010e-01
2.976040e+01 1.748602e-01
3.307644e+01 1.661069e-01
2.922992e+01 1.727809e-01
3.089027e+01 1.660775e-01
2.907723e+01 1.733290e-01
2.992836e+01 1.654438e-01
2.940787e+01 1.728930e-01
3.050705e+01 1.673482e-01
3.099220e+01 1.714741e-01
3.319098e+01 1.661702e-01
3.129280e+01 1.730870e-01
3.310251e+01 1.642517e-01
3.106231e+01 1.697261e-01
3.157420e+01 1.737071e-01
2.968023e+01 1.719792e-01
2.961713e+01 1.718306e-01
2.992741e+01 1.539804e-01
3.000958e+01 1.523208e-01
3.032659e+01 1.532064e-01
3.003876e+01 1.518435e-01
2.993051e+01 1.521594e-01
3.016526e+01 1.529490e-01
3.015628e+01 1.536408e-01
3.021355e+01 1.522396e-01
3.023036e+01 1.523196e-01
3.019428e+01 1.510551e-01
3.017155e+01 1.495012e-01
3.047824e+01 1.460975e-01
3.020866e+01 1.464617e-01
2.962926e+01 1.437723e-01
3.039418e+01 1.388450e-01
3.013799e+01 1.385503e-01
2.956527e+01 1.369808e-01
2.994777e+01 1.274559e-01
2.931095e+01 1.184317e-01
3.005660e+01 1.177097e-01
2.967601e+01 1.252763e-01
3.297658e+01 1.322923e-01
3.279666e+01 1.265740e-01
3.338783e+01 1.245048e-01
3.329877e+01 1.175128e-01
3.188633e+01 1.264514e-01
3.273795e+01 1.266459e-01
3.281559e+01 1.433428e-01
3.276825e+01 1.462622e-01
3.288496e+01 1.271510e-01
3.129608e+01 1.071731e-01
3.115651e+01 1.266948e-01
3.143075e+01 1.363724e-01
3.140373e+01 1.248303e-01
3.125420e+01 1.204379e-01
3.157135e+01 1.146383e-01
3.154392e+01 1.181860e-01
3.006978e+01 4.302920e-02
2.979537e+01 4.287000e-02
3.015510e+01 4.297324e-02
3.175798e+01 8.448199e-02
3.181183e+01 1.077809e-01
3.123446e+01 1.106761e-01
3.037675e+01 1.225892e-01
3.027250e+01 1.324680e-01
3.045399e+01 1.315150e-01
3.056713e+01 1.373706e-01
3.065744e+01 1.376891e-01
3.078955e+01 1.354414e-01
3.087904e+01 1.372221e-01
3.093333e+01 1.384095e-01
3.062624e+01 1.358550e-01
3.051043e+01 1.288254e-01
3.299948e+01 1.318984e-01
2.965727e+01 1.343802e-01
3.142707e+01 1.316128e-01
3.105057e+01 1.317831e-01
3.085990e+01 1.313950e-01
3.094985e+01 1.313093e-01
3.126421e+01 1.319141e-01
3.129433e+01 1.313334e-01
3.120878e+01 1.318634e-01
3.099018e+01 1.321559e-01
3.126218e+01 1.373576e-01
3.115971e+01 1.325540e-01
3.130593e+01 1.333404e-01
3.104252e+01 1.324634e-01
3.064210e+01 1.332927e-01
3.114293e+01 1.332713e-01
3.080982e+01 1.330611e-01
3.058703e+01 1.486542e-01
2.646367e+01 8.440640e-02
2.654852e+01 8.530880e-02
2.637269e+01 8.432773e-02
3.338865e+01 1.004593e-01
3.366798e+01 1.208597e-01
3.259144e+01 1.199670e-01
3.029899e+01 1.204885e-01
2.813037e+01 5.405827e-02
2.825629e+01 5.406835e-02
2.827782e+01 5.381359e-02
3.356007e+01 1.050473e-01
3.245167e+01 1.216291e-01
3.327741e+01 1.032018e-01
3.099589e+01 1.284343e-01
3.350477e+01 1.027601e-01
2.965908e+01 1.302404e-01
3.338498e+01 1.037926e-01
2.946675e+01 1.300900e-01
3.377406e+01 1.036305e-01
2.922235e+01 1.295034e-01
3.356635e+01 1.029225e-01
2.991796e+01 1.265582e-01
3.354315e+01 1.032486e-01
2.962407e+01 1.226081e-01
3.332289e+01 1.024393e-01
2.917584e+01 1.223748e-01
3.335312e+01 1.026409e-01
2.939103e+01 1.271874e-01
3.341606e+01 1.026436e-01
2.976511e+01 1.304065e-01
3.337075e+01 1.021242e-01
2.918375e+01 1.338009e-01
3.353333e+01 1.023584e-01
2.894773e+01 1.329346e-01
3.366558e+01 1.025721e-01
2.921813e+01 1.249604e-01
3.356886e+01 1.042191e-01
2.923650e+01 1.173108e-01
3.301932e+01 1.157530e-01
3.325871e+01 1.055240e-01
3.311788e+01 1.140846e-01
3.348126e+01 1.031149e-01
3.297929e+01 1.077683e-01
3.355907e+01 1.040898e-01
3.324784e+01 1.218709e-01
3.325900e+01 1.213138e-01
3.352152e+01 1.022186e-01
3.299967e+01 1.226447e-01
3.366491e+01 1.011250e-01
3.337933e+01 1.168772e-01
3.304855e+01 1.087948e-01
3.338313e+01 1.008202e-01
3.330518e+01 1.117748e-01
3.330201e+01 1.003324e-01
3.207848e+01 1.164507e-01
3.353251e+01 1.157467e-01
3.336238e+01 1.011735e-01
3.361355e+01 1.088732e-01
3.216798e+01 1.070202e-01
3.277610e+01 1.066362e-01
3.335287e+01 1.007620e-01
3.329992e+01 1.111969e-01
3.215407e+01 1.026079e-01
3.358663e+01 9.991069e-02
3.321641e+01 1.017386e-01
3.347949e+01 1.040689e-01
3.362593e+01 1.054992e-01
3.339860e+01 1.030142e-01
3.336003e+01 1.060598e-01
3.333883e+01 1.030373e-01
3.339790e+01 1.031356e-01
3.346744e+01 9.784874e-02
3.345208e+01 1.000373e-01
3.326637e+01 1.009365e-01
3.330720e+01 1.040736e-01
3.336659e+01 9.977688e-02
3.328333e+01 1.009478e-01
3.307532e+01 1.022975e-01
3.321197e+01 9.940249e-02
3.339006e+01 1.008831e-01
3.306096e+01 1.049005e-01
3.330011e+01 1.016701e-01
3.335318e+01 1.012192e-01
3.308821e+01 1.052823e-01
3.321367e+01 9.953743e-02
3.343295e+01 9.759288e-02
3.320792e+01 1.060386e-01
3.313997e+01 9.770584e-02
3.360961e+01 9.883173e-02
3.302728e+01 1.065858e-01
3.327479e+01 9.885358e-02
3.323520e+01 1.082585e-01
3.350115e+01 9.820229e-02
3.343445e+01 9.803993e-02
3.309100e+01 1.064274e-01
3.340193e+01 1.001855e-01
3.343558e+01 9.740826e-02
3.323830e+01 1.079017e-01
3.344332e+01 9.767244e-02
3.313822e+01 9.798217e-02
3.313284e+01 1.093168e-01
3.343974e+01 9.801760e-02
3.339891e+01 9.786061e-02
3.294495e+01 1.093942e-01
3.325879e+01 9.759600e-02
3.309955e+01 9.788418e-02
3.301416e+01 1.100906e-01
3.327104e+01 9.770057e-02
3.354676e+01 9.729068e-02
3.319611e+01 1.103996e-01
3.362266e+01 9.788971e-02
3.357083e+01 9.793023e-02
3.344989e+01 1.096649e-01
3.346544e+01 9.764737e-02
3.345366e+01 9.705085e-02
3.287649e+01 1.119418e-01
3.358056e+01 9.749413e-02
3.340237e+01 9.582772e-02
3.334938e+01 1.122821e-01
3.352214e+01 9.687707e-02
3.362706e+01 9.654811e-02
3.372447e+01 9.620254e-02
3.328043e+01 1.114256e-01
3.353448e+01 9.617413e-02
3.374818e+01 9.542951e-02
3.344726e+01 1.112042e-01
3.375767e+01 9.449643e-02
3.338282e+01 1.122698e-01
3.359754e+01 9.664786e-02
3.362233e+01 9.715046e-02
3.351939e+01 1.103234e-01
3.368858e+01 9.589611e-02
3.332326e+01 1.107149e-01
3.376906e+01 9.425691e-02
2.805287e+01 1.251020e-01
2.820160e+01 1.247580e-01
2.811136e+01 1.243715e-01
3.337846e+01 9.931020e-02
3.335742e+01 1.101661e-01
3.360907e+01 9.328424e-02
3.361195e+01 9.233992e-02
3.345123e+01 1.097618e-01
3.349144e+01 9.334070e-02
3.331605e+01 9.366872e-02
3.350897e+01 1.088833e-01
3.360390e+01 9.379173e-02
3.336066e+01 1.092419e-01
3.368702e+01 9.400736e-02
3.337570e+01 9.429957e-02
3.337141e+01 1.094314e-01
3.349099e+01 9.487492e-02
3.368363e+01 9.517838e-02
3.342468e+01 1.096530e-01
3.369642e+01 9.604623e-02
3.369107e+01 9.661676e-02
3.358593e+01 1.107213e-01
3.351978e+01 9.669215e-02
3.342165e+01 9.772088e-02
3.341805e+01 1.101332e-01
3.356867e+01 9.789613e-02
3.334205e+01 9.720477e-02
3.345946e+01 1.111307e-01
3.342379e+01 9.718889e-02
3.379025e+01 9.734491e-02
3.319333e+01 1.117615e-01
3.374759e+01 9.733109e-02
3.353030e+01 9.777991e-02
3.351972e+01 9.893583e-02
3.329927e+01 1.113247e-01
3.353960e+01 9.899955e-02
3.329056e+01 1.007602e-01
3.352515e+01 1.122473e-01
3.348958e+01 1.009370e-01
3.313153e+01 1.118663e-01
3.347313e+01 1.005947e-01
3.345833e+01 1.012586e-01
3.347000e+01 1.124073e-01
3.350690e+01 1.015260e-01
3.361851e+01 1.034425e-01
3.337467e+01 1.123236e-01
3.335002e+01 1.042006e-01
3.346223e+01 1.124825e-01
3.344362e+01 1.035600e-01
3.354385e+01 1.036085e-01
3.344014e+01 1.130119e-01
3.353733e+01 1.051124e-01
3.323345e+01 1.129223e-01
3.313819e+01 1.057654e-01
3.324003e+01 1.064278e-01
3.354793e+01 1.133244e-01
3.371647e+01 1.072291e-01
3.339536e+01 1.135175e-01
3.338417e+01 1.085185e-01
3.323984e+01 1.084999e-01
3.336844e+01 1.135980e-01
3.359441e+01 1.084642e-01
3.338643e+01 1.144925e-01
3.344694e+01 1.092032e-01
3.334610e+01 1.137881e-01
3.341231e+01 1.096878e-01
3.354653e+01 1.089823e-01
3.316865e+01 1.137304e-01
3.339704e+01 1.094754e-01
3.322328e+01 1.141482e-01
3.345846e+01 1.104722e-01
3.340368e+01 1.147608e-01
3.358252e+01 1.120278e-01
3.328187e+01 1.112019e-01
3.299456e+01 1.147278e-01
3.335947e+01 1.113829e-01
3.288971e+01 1.148222e-01
3.325311e+01 1.111370e-01
3.327188e+01 1.152923e-01
3.356239e+01 1.110330e-01
3.331319e+01 1.156327e-01
3.348317e+01 1.116985e-01
3.351946e+01 1.127065e-01
3.262992e+01 1.155542e-01
3.373321e+01 1.127761e-01
3.328156e+01 1.157168e-01
3.341360e+01 1.133186e-01
3.354436e+01 1.129335e-01
3.287536e+01 1.165459e-01
3.353972e+01 1.119466e-01
3.263354e+01 1.165936e-01
3.315795e+01 1.127947e-01
3.364388e+01 1.128998e-01
3.307270e+01 1.164821e-01
3.341256e+01 1.106329e-01
3.279091e+01 1.164176e-01
3.333179e+01 1.104571e-01
3.352200e+01 1.106651e-01
3.307692e+01 1.169876e-01
3.365720e+01 1.097018e-01
3.336013e+01 1.098602e-01
3.307067e+01 1.155626e-01
3.338284e+01 1.101442e-01
3.335111e+01 1.100983e-01
3.285875e+01 1.128884e-01
3.350680e+01 1.102930e-01
3.345293e+01 1.090996e-01
3.305327e+01 1.171915e-01
3.339930e+01 1.083257e-01
3.316201e+01 1.165704e-01
3.343322e+01 1.099101e-01
3.337950e+01 1.094745e-01
3.303899e+01 1.168089e-01
3.349583e+01 1.104597e-01
3.349093e+01 1.105062e-01
3.316866e+01 1.178610e-01
3.314321e+01 1.102457e-01
3.292142e+01 1.152733e-01
3.330739e+01 1.107759e-01
3.359645e+01 1.109092e-01
3.297092e+01 1.179275e-01
3.317112e+01 1.109396e-01
3.318207e+01 1.246167e-01
3.344046e+01 1.116288e-01
3.358752e+01 1.121257e-01
3.270756e+01 1.166107e-01
3.346634e+01 1.122262e-01
3.345202e+01 1.129358e-01
3.293936e+01 1.170001e-01
3.347288e+01 1.126417e-01
3.306462e+01 1.171177e-01
3.357042e+01 1.125628e-01
3.350312e+01 1.159936e-01
3.313625e+01 1.262416e-01
3.352891e+01 1.165071e-01
3.290100e+01 1.186675e-01
3.352955e+01 1.168063e-01
3.349478e+01 1.168438e-01
3.310056e+01 1.186072e-01
3.346629e+01 1.169005e-01
3.333731e+01 1.167663e-01
3.286503e+01 1.194063e-01
3.326950e+01 1.169751e-01
3.333736e+01 1.167806e-01
3.279856e+01 1.195475e-01
3.345215e+01 1.170113e-01
3.349520e+01 1.166198e-01
3.296058e+01 1.193428e-01
3.328928e+01 1.167743e-01
3.310706e+01 1.166127e-01
3.298351e+01 1.195649e-01
3.355951e+01 1.163798e-01
3.328766e+01 1.166445e-01
3.329558e+01 1.255412e-01
3.329176e+01 1.168901e-01
3.315157e+01 1.177969e-01
3.321376e+01 1.176985e-01
3.280572e+01 1.293987e-01
3.323610e+01 1.153193e-01
3.342146e+01 1.156669e-01
3.321693e+01 1.151379e-01
3.298797e+01 1.242008e-01
3.324597e+01 1.162765e-01
3.324799e+01 1.168170e-01
3.348942e+01 1.169757e-01
3.308082e+01 1.168012e-01
3.335669e+01 1.130760e-01
3.298727e+01 1.071418e-01
3.328112e+01 1.254026e-01
3.310925e+01 1.096295e-01
3.301571e+01 1.097787e-01
3.327457e+01 1.081195e-01
3.324191e+01 1.083640e-01
3.329099e+01 1.085300e-01
3.308400e+01 1.250084e-01
3.316591e+01 1.086168e-01
3.321772e+01 1.083543e-01
3.329721e+01 1.084028e-01
3.272881e+01 1.226618e-01
3.341948e+01 1.085886e-01
3.318803e+01 1.078748e-01
3.279365e+01 1.076555e-01
3.341099e+01 1.078779e-01
3.302635e+01 1.227912e-01
3.303042e+01 1.084458e-01
3.311104e+01 1.096902e-01
3.317613e+01 1.102550e-01
3.325027e+01 1.122508e-01
3.291121e+01 1.204329e-01
3.349781e+01 1.135168e-01
3.308857e+01 1.205115e-01
3.293111e+01 1.192832e-01
3.314050e+01 1.188479e-01
2.763488e+01 6.082271e-02
2.742983e+01 6.136286e-02
2.771068e+01 6.117271e-02
3.312823e+01 1.014948e-01
3.349650e+01 1.021817e-01
3.357026e+01 1.032285e-01
3.286679e+01 5.572798e-02
3.297099e+01 5.576632e-02
3.313315e+01 5.555712e-02
3.307282e+01 1.567641e-01
3.334522e+01 1.044694e-01
3.328208e+01 1.408109e-01
3.356427e+01 1.039671e-01
3.311360e+01 1.578122e-01
3.360999e+01 1.030960e-01
3.302552e+01 1.591133e-01
3.365942e+01 1.053847e-01
3.314207e+01 1.498301e-01
3.319302e+01 1.048315e-01
3.347193e+01 1.293750e-01
3.339741e+01 1.039461e-01
3.357196e+01 1.024240e-01
3.300190e+01 1.380969e-01
3.357894e+01 1.022085e-01
3.182582e+01 1.444659e-01
3.337448e+01 1.011315e-01
3.191005e+01 1.508133e-01
3.342749e+01 1.015965e-01
3.271006e+01 1.510743e-01
3.328017e+01 1.019800e-01
3.318433e+01 1.580766e-01
3.332776e+01 1.003804e-01
3.312770e+01 1.585124e-01
3.320418e+01 1.014216e-01
3.324345e+01 1.588895e-01
3.307054e+01 1.005464e-01
3.325836e+01 1.694157e-01
3.334019e+01 1.010636e-01
3.147636e+01 1.733235e-01
3.015603e+01 1.719685e-01
3.292162e+01 1.032388e-01
2.916893e+01 1.698944e-01
3.299448e+01 1.013389e-01
2.902115e+01 1.715328e-01
3.272744e+01 1.030275e-01
2.900531e+01 1.747411e-01
3.309191e+01 1.035354e-01
3.065740e+01 1.810515e-01
3.296092e+01 1.037647e-01
3.303450e+01 1.760333e-01
3.304610e+01 1.049132e-01
3.309825e+01 1.708645e-01
3.303453e+01 1.044937e-01
3.321732e+01 1.673833e-01
3.309017e+01 1.065013e-01
3.300060e+01 1.661086e-01
3.299594e+01 1.040727e-01
3.307285e+01 1.708274e-01
3.306013e+01 1.059339e-01
3.253892e+01 1.688024e-01
3.288017e+01 1.067360e-01
2.910282e+01 1.694225e-01
3.275432e+01 1.066964e-01
2.906053e+01 1.747089e-01
3.214754e+01 1.769974e-01
3.279999e+01 1.069549e-01
3.289181e+01 1.823699e-01
3.305551e+01 1.076703e-01
3.264036e+01 1.902948e-01
3.303278e+01 1.089711e-01
2.936979e+01 1.937396e-01
3.334631e+01 1.088359e-01
2.893237e+01 1.914361e-01
3.325035e+01 1.094689e-01
2.913678e+01 1.980337e-01
3.316224e+01 1.106833e-01
2.958419e+01 1.992686e-01
3.285177e+01 1.100472e-01
3.238803e+01 1.929928e-01
3.294581e+01 1.100518e-01
3.267954e+01 1.863638e-01
3.323219e+01 1.108220e-01
3.264862e+01 1.756618e-01
3.288686e+01 1.124966e-01
3.317938e+01 1.655325e-01
2.432528e+01 9.096188e-02
2.411232e+01 9.036556e-02
2.427548e+01 9.019555e-02
3.291058e+01 9.612740e-02
3.297916e+01 1.129847e-01
3.305754e+01 1.626789e-01
3.339641e+01 1.028256e-01
3.312129e+01 1.131140e-01
3.298921e+01 1.643907e-01
3.306079e+01 1.047184e-01
3.306627e+01 1.133035e-01
3.250268e+01 1.613058e-01
3.299506e+01 1.040259e-01
3.287316e+01 1.135061e-01
2.895207e+01 1.541475e-01
3.298980e+01 1.038140e-01
3.325009e+01 1.137515e-01
2.951611e+01 1.523149e-01
3.317637e+01 1.044562e-01
3.041254e+01 1.507913e-01
3.296952e+01 1.145932e-01
3.298316e+01 1.040944e-01
2.898605e+01 1.464964e-01
3.287941e+01 1.159884e-01
3.280477e+01 1.050661e-01
2.905442e+01 1.433408e-01
3.277526e+01 1.159856e-01
3.291327e+01 1.073510e-01
3.180549e+01 1.401734e-01
3.280676e+01 1.164053e-01
3.311435e+01 1.071125e-01
3.018787e+01 1.369156e-01
3.288425e+01 1.167823e-01
3.290904e+01 1.055980e-01
2.903516e+01 1.418593e-01
3.307766e+01 1.179964e-01
2.906260e+01 1.448499e-01
3.280880e+01 1.084758e-01
2.873724e+01 1.529839e-01
3.290865e+01 1.182101e-01
3.278481e+01 1.093865e-01
2.876317e+01 1.568779e-01
3.314968e+01 1.180964e-01
3.261460e+01 1.102704e-01
2.902168e+01 1.590059e-01
3.294298e+01 1.192882e-01
3.310477e+01 1.112425e-01
2.927614e+01 1.663798e-01
3.293359e+01 1.189953e-01
3.308446e+01 1.114785e-01
2.899252e+01 1.721665e-01
3.316798e+01 1.195726e-01
3.347008e+01 1.108196e-01
3.287908e+01 1.206288e-01
3.362062e+01 1.127026e-01
3.269605e+01 1.204522e-01
3.362390e+01 1.126024e-01
3.297953e+01 1.211863e-01
3.340923e+01 1.127680e-01
3.279161e+01 1.207624e-01
3.322139e+01 1.120168e-01
3.301042e+01 1.208607e-01
3.334156e+01 1.135771e-01
3.269703e+01 1.215745e-01
3.366780e+01 1.133840e-01
3.306191e+01 1.216921e-01
3.328847e+01 1.145554e-01
3.282230e+01 1.210701e-01
3.359893e+01 1.165257e-01
3.297470e+01 1.213632e-01
3.278889e+01 1.205399e-01
3.341580e+01 1.136890e-01
3.299169e+01 1.216121e-01
3.329294e+01 1.117192e-01
3.286897e+01 1.197845e-01
3.336048e+01 1.123341e-01
3.282546e+01 1.181714e-01
3.347170e+01 1.120327e-01
3.305692e+01 1.185284e-01
3.374634e+01 1.114207e-01
3.291419e+01 1.209745e-01
3.322955e+01 1.103541e-01
3.305079e+01 1.178860e-01
3.309326e+01 1.098103e-01
3.272875e+01 1.203245e-01
3.335809e+01 1.084924e-01
3.300169e+01 1.181807e-01
3.317105e+01 1.079355e-01
3.285548e+01 1.163051e-01
3.300573e+01 1.073125e-01
3.301072e+01 1.161308e-01
3.307723e+01 1.158611e-01
3.315407e+01 1.091864e-01
3.311812e+01 1.162274e-01
3.354055e+01 1.101985e-01
3.291349e+01 1.157584e-01
3.309106e+01 1.099260e-01
3.302082e+01 1.163960e-01
3.337194e+01 1.087161e-01
3.324533e+01 1.169790e-01
3.341868e+01 1.069519e-01
3.320250e+01 1.176508e-01
3.315522e+01 1.085152e-01
3.293574e+01 1.179610e-01
3.300679e+01 1.060976e-01
3.303369e+01 1.157666e-01
2.854944e+01 5.712259e-02
2.862440e+01 5.678933e-02
2.867304e+01 5.674714e-02
3.310402e+01 1.070888e-01
3.048187e+01 9.037308e-02
3.319679e+01 1.078143e-01
3.018307e+01 1.599636e-01
3.294489e+01 1.069403e-01
3.319239e+01 1.101233e-01
3.081406e+01 1.731608e-01
3.301474e+01 1.076884e-01
3.333482e+01 1.105969e-01
3.038680e+01 1.561056e-01
3.306432e+01 1.095723e-01
3.318890e+01 1.099220e-01
3.021356e+01 1.560939e-01
3.316332e+01 1.064103e-01
3.359013e+01 1.089575e-01
2.992460e+01 1.604404e-01
3.056516e+01 1.616447e-01
3.341519e+01 1.090663e-01
3.295661e+01 1.096363e-01
3.090898e+01 1.657727e-01
3.319973e+01 1.091394e-01
3.287890e+01 1.050974e-01
2.998066e+01 1.703019e-01
3.347153e+01 1.089025e-01
3.287949e+01 1.081711e-01
3.076535e+01 1.718134e-01
3.326900e+01 1.086854e-01
3.337496e+01 1.089250e-01
3.080568e+01 1.757701e-01
3.347144e+01 1.091476e-01
3.270990e+01 1.080080e-01
3.056216e+01 1.776431e-01
3.067639e+01 6.386889e-02
3.057835e+01 6.335072e-02
3.059196e+01 6.376778e-02
3.095987e+01 1.676656e-01
3.326551e+01 1.088350e-01
3.268541e+01 1.069285e-01
3.049235e+01 1.763849e-01
3.115670e+01 1.179894e-01
3.329874e+01 1.089203e-01
3.324187e+01 1.093842e-01
3.017912e+01 1.776635e-01
3.141261e+01 9.913444e-02
3.338750e+01 1.088311e-01
3.099867e+01 1.780094e-01
3.282939e+01 1.112999e-01
3.374360e+01 9.655749e-02
3.321830e+01 1.102034e-01
3.116899e+01 1.786352e-01
3.283109e+01 1.079490e-01
3.376476e+01 9.639334e-02
3.320295e+01 1.112266e-01
3.106735e+01 1.790874e-01
3.368062e+01 9.718744e-02
3.268722e+01 1.080785e-01
3.330775e+01 1.111507e-01
3.155532e+01 1.811422e-01
3.372972e+01 9.012761e-02
3.306563e+01 1.062581e-01
3.336990e+01 1.130452e-01
3.114266e+01 1.835634e-01
3.393620e+01 9.249167e-02
3.273349e+01 1.098166e-01
3.347875e+01 1.155808e-01
3.144825e+01 1.860797e-01
3.343761e+01 9.095002e-02
3.307666e+01 1.080903e-01
3.296224e+01 1.223241e-01
3.120526e+01 1.860879e-01
3.356572e+01 8.997169e-02
3.324195e+01 1.099408e-01
3.309556e+01 1.294935e-01
3.107862e+01 1.887787e-01
3.337833e+01 8.977041e-02
3.325713e+01 1.292866e-01
3.105053e+01 1.898484e-01
3.282740e+01 1.135070e-01
3.354397e+01 9.174379e-02
3.106335e+01 1.924125e-01
3.310740e+01 1.245547e-01
3.280637e+01 1.178269e-01
3.310456e+01 8.850432e-02
3.106730e+01 1.910322e-01
3.315075e+01 1.185821e-01
3.286425e+01 1.217655e-01
3.323123e+01 7.996853e-02
3.113038e+01 1.898947e-01
3.281655e+01 1.230300e-01
3.293867e+01 7.443963e-02
3.108417e+01 1.881896e-01
3.276287e+01 1.239311e-01
3.333356e+01 6.801550e-02
3.126993e+01 1.883800e-01
3.291693e+01 1.253112e-01
3.096615e+01 1.987037e-01
2.869800e+01 6.485253e-02
3.280417e+01 1.282554e-01
3.094458e+01 2.007311e-01
3.148599e+01 6.612926e-02
3.104164e+01 2.040164e-01
3.315019e+01 1.271216e-01
3.121832e+01 6.923317e-02
3.186467e+01 2.011971e-01
3.303998e+01 1.228250e-01
3.114633e+01 7.719772e-02
3.261436e+01 1.194645e-01
3.104472e+01 2.005729e-01
3.092235e+01 8.453742e-02
3.106744e+01 2.015405e-01
3.298848e+01 1.188879e-01
3.085733e+01 2.020442e-01
3.091093e+01 8.633074e-02
3.286105e+01 1.181814e-01
3.109888e+01 2.014110e-01
3.317538e+01 1.184825e-01
3.092991e+01 8.670611e-02
3.096667e+01 2.022705e-01
3.299766e+01 1.186695e-01
3.101397e+01 2.035990e-01
3.315138e+01 1.186367e-01
3.089576e+01 2.057220e-01
3.285213e+01 1.191166e-01
3.099923e+01 2.070465e-01
3.280361e+01 1.192738e-01
3.063726e+01 2.074801e-01
3.299852e+01 1.192296e-01
3.127879e+01 2.088408e-01
3.272833e+01 1.192806e-01
3.103400e+01 2.099752e-01
3.298055e+01 1.196545e-01
3.113097e+01 2.129352e-01
3.267397e+01 1.194245e-01
3.104534e+01 2.158400e-01
3.100489e+01 2.184159e-01
3.345064e+01 1.194457e-01
3.094408e+01 2.197753e-01
3.298291e+01 1.184403e-01
3.081481e+01 1.990309e-01
3.303675e+01 1.187086e-01
3.114818e+01 2.006016e-01
3.305460e+01 1.186921e-01
3.112592e+01 1.902088e-01
3.310845e+01 1.172357e-01
3.096622e+01 1.875089e-01
3.301490e+01 1.145881e-01
3.097574e+01 1.870929e-01
3.309385e+01 1.115628e-01
3.075790e+01 1.877228e-01
3.310116e+01 1.101187e-01
3.107705e+01 1.893881e-01
3.309653e+01 1.060252e-01
3.091673e+01 1.928019e-01
3.096461e+01 2.012034e-01
3.093376e+01 2.028504e-01
3.304304e+01 2.046193e-01
3.297818e+01 2.054879e-01
3.316518e+01 2.063356e-01
3.287139e+01 2.043713e-01
3.092898e+01 2.033820e-01
3.069468e+01 2.040969e-01
3.068190e+01 2.038441e-01
3.099082e+01 2.054615e-01
3.090045e+01 2.061269e-01
3.099833e+01 2.057114e-01
3.091649e+01 2.060288e-01
3.089204e+01 2.057270e-01
3.239186e+01 2.066121e-01
3.092817e+01 2.081597e-01
3.088432e+01 2.070364e-01
3.099143e+01 2.057536e-01
3.079188e+01 2.067279e-01
3.067432e+01 2.094442e-01
2.841467e+01 5.095147e-02
2.838153e+01 5.192308e-02
2.810796e+01 5.099356e-02
3.133978e+01 1.178288e-01
3.079005e+01 2.083724e-01
3.229720e+01 1.149420e-01
3.088622e+01 2.085213e-01
3.204925e+01 1.085826e-01
3.088713e+01 2.095954e-01
3.122380e+01 1.187385e-01
3.082749e+01 2.104237e-01
3.139322e+01 1.297934e-01
3.096716e+01 2.065096e-01
3.152477e+01 1.397457e-01
3.075220e+01 2.065668e-01
2.995586e+01 1.406599e-01
3.214279e+01 2.067212e-01
2.971405e+01 1.393442e-01
3.313139e+01 2.067499e-01
3.000836e+01 1.371394e-01
3.282719e+01 2.077306e-01
2.956000e+01 1.375672e-01
3.317522e+01 2.070344e-01
3.322970e+01 1.392145e-01
3.286795e+01 2.071769e-01
3.144370e+01 2.078561e-01
3.296511e+01 9.297503e-02
3.072873e+01 2.098233e-01
3.259568e+01 8.781644e-02
3.091928e+01 2.068962e-01
3.307117e+01 1.177361e-01
3.094343e+01 2.086550e-01
3.118188e+01 2.078067e-01
3.085423e+01 2.091250e-01
3.320361e+01 1.184044e-01
3.095646e+01 2.100714e-01
3.085428e+01 2.094313e-01
3.309668e+01 1.233586e-01
3.085555e+01 2.124574e-01
3.091641e+01 2.090566e-01
3.076142e+01 2.064984e-01
3.097673e+01 2.068176e-01
3.347214e+01 1.448459e-01
3.092842e+01 2.072549e-01
3.082746e+01 2.081714e-01
3.317499e+01 1.170489e-01
3.222711e+01 2.100136e-01
3.248153e+01 2.113071e-01
3.140118e+01 1.209338e-01
3.283202e+01 2.074899e-01
3.104491e+01 2.071639e-01
2.965092e+01 1.238963e-01
3.116817e+01 2.042145e-01
3.094819e+01 2.104237e-01
3.286451e+01 2.143689e-01
3.032737e+01 1.262047e-01
3.301754e+01 2.065783e-01
3.071626e+01 2.133721e-01
3.086465e+01 2.164658e-01
3.069306e+01 2.108194e-01
3.282466e+01 2.087448e-01
3.082127e+01 1.261645e-01
3.113812e+01 2.094547e-01
3.099565e+01 1.261805e-01
3.084194e+01 1.275438e-01
3.119977e+01 1.266073e-01
2.929902e+01 1.263454e-01
2.989012e+01 1.262176e-01
2.971460e+01 1.245778e-01
2.932963e+01 1.256586e-01
2.963079e+01 1.337405e-01
2.966504e+01 1.411836e-01
2.964636e+01 1.430442e-01
2.965798e+01 1.459396e-01
3.002274e+01 1.492995e-01
2.989420e+01 1.450809e-01
3.030015e+01 1.332798e-01
3.021413e+01 1.212472e-01
3.016479e+01 1.584542e-01
2.986686e+01 1.614812e-01
3.011412e+01 1.602719e-01
2.908168e+01 6.655558e-02
2.912314e+01 6.656172e-02
2.920717e+01 6.654207e-02
3.280947e+01 1.620277e-01
3.171321e+01 1.221902e-01
3.195208e+01 1.103270e-01
3.310988e+01 1.630524e-01
3.207842e+01 1.240509e-01
3.310594e+01 1.631826e-01
3.158527e+01 1.255789e-01
3.125146e+01 1.297534e-01
3.084711e+01 1.417439e-01
3.088911e+01 1.422841e-01
3.164571e+01 1.336220e-01
3.193928e+01 1.415743e-01
3.067095e+01 1.122010e-01
3.300826e+01 9.545947e-02
3.267929e+01 8.238164e-02
3.310676e+01 1.007280e-01
3.319636e+01 1.240713e-01
3.295764e+01 1.105100e-01
3.058722e+01 1.201707e-01
3.088575e+01 1.213519e-01
3.082602e+01 1.209243e-01
3.112950e+01 1.179192e-01
3.120407e+01 1.155726e-01
3.133308e+01 1.093663e-01
3.091902e+01 1.103023e-01
3.093594e+01 1.167096e-01
3.045054e+01 1.241699e-01
3.073473e+01 1.244698e-01
3.058107e+01 1.259284e-01
3.109556e+01 1.262345e-01
3.093625e+01 1.261890e-01
3.054161e+01 1.268669e-01
3.082104e+01 1.266606e-01
3.052777e+01 1.265268e-01
3.025699e+01 1.265468e-01
3.015440e+01 1.276849e-01
2.989621e+01 1.280235e-01
2.996085e+01 1.282918e-01
3.338645e+01 1.290659e-01
3.343981e+01 1.286743e-01
3.372321e+01 1.260719e-01
3.351549e+01 1.273051e-01
3.324745e+01 1.348373e-01
3.338484e+01 1.453553e-01
3.314708e+01 1.551684e-01
3.325740e+01 1.549350e-01
3.301221e+01 1.613677e-01
3.027420e+01 1.567040e-01
2.991762e+01 1.409145e-01
2.995789e+01 1.339201e-01
3.017139e+01 1.348566e-01
2.987449e+01 1.243806e-01
3.321078e+01 1.557443e-01
3.019854e+01 1.341395e-01
3.302888e+01 1.563284e-01
3.235527e+01 1.336958e-01
3.238040e+01 1.453319e-01
3.227681e+01 1.457235e-01
3.223988e+01 1.460860e-01
3.296901e+01 1.100540e-01
3.342048e+01 1.125489e-01
3.315125e+01 1.115575e-01
3.303902e+01 1.181599e-01
3.315514e+01 1.281017e-01
3.294856e+01 1.300134e-01
3.114989e+01 1.433905e-01
3.087415e+01 1.257706e-01
3.033575e+01 1.258349e-01
3.319599e+01 1.269592e-01
3.281798e+01 1.074164e-01
3.278308e+01 8.962819e-02
3.257807e+01 8.679534e-02
3.295872e+01 1.084073e-01
3.338169e+01 1.201227e-01
3.320268e+01 1.184221e-01
3.279409e+01 1.130477e-01
3.313204e+01 1.124088e-01
3.328245e+01 1.131739e-01
3.341877e+01 1.154898e-01
3.331736e+01 1.177760e-01
3.324125e+01 1.201759e-01
3.342947e+01 1.263629e-01
3.321148e+01 1.273608e-01
3.346674e+01 1.333522e-01
3.364168e+01 1.336778e-01
3.224885e+01 1.323243e-01
3.057129e+01 1.217656e-01
3.274267e+01 1.196616e-01
3.164368e+01 1.227674e-01
3.329593e+01 1.387072e-01
3.353872e+01 1.538432e-01
3.292589e+01 6.429248e-02
3.299923e+01 6.374245e-02
3.278333e+01 6.389670e-02
3.307373e+01 1.348136e-01
3.311256e+01 1.203811e-01
3.267238e+01 1.264384e-01
3.269179e+01 1.240587e-01
3.301473e+01 1.257519e-01
3.307672e+01 1.291313e-01
3.325054e+01 1.275129e-01
3.307295e+01 1.380751e-01
3.140179e+01 1.351528e-01
3.123638e+01 1.440601e-01
3.136340e+01 1.400478e-01
3.064185e+01 1.424069e-01
3.032536e+01 1.338425e-01
3.227894e+01 1.344968e-01
3.299104e+01 1.330260e-01
3.293791e+01 1.277350e-01
3.257973e+01 1.093898e-01
3.285566e+01 1.009041e-01
3.321131e+01 8.698595e-02
3.332044e+01 8.915351e-02
3.356740e+01 9.953122e-02
3.341373e+01 1.084038e-01
3.316230e+01 1.147436e-01
3.323646e+01 1.114799e-01
3.329053e+01 1.047258e-01
3.333232e+01 1.044835e-01
3.320462e+01 9.860312e-02
3.310795e+01 9.624655e-02
3.344675e+01 9.755291e-02
3.343908e+01 9.724970e-02
3.327332e+01 9.913058e-02
3.333042e+01 1.053338e-01
3.324170e+01 1.095219e-01
3.316760e+01 1.198954e-01
3.301371e+01 1.295384e-01
3.312879e+01 1.358801e-01
3.297767e+01 1.355833e-01
3.325501e+01 1.325872e-01
3.324021e+01 1.308707e-01
3.300847e+01 1.310812e-01
3.306971e+01 1.389330e-01
3.284943e+01 1.463841e-01
3.304177e+01 1.529599e-01
3.306667e+01 1.623386e-01
3.332782e+01 1.637213e-01
3.299129e+01 1.564928e-01
3.312685e+01 1.492018e-01
3.004381e+01 1.535266e-01
2.975281e+01 1.667320e-01
2.977165e+01 1.787525e-01
3.293522e+01 1.819414e-01
3.329352e+01 1.853901e-01
2.977187e+01 9.679152e-02
2.959114e+01 9.668419e-02
2.971502e+01 9.670427e-02
3.187488e+01 8.832573e-02
3.152890e+01 1.203463e-01
3.167043e+01 1.222688e-01
3.120546e+01 1.238601e-01
3.152722e+01 1.271777e-01
3.337110e+01 1.256903e-01
3.338239e+01 1.302293e-01
3.132738e+01 1.340072e-01
3.309988e+01 1.264798e-01
3.000930e+01 1.260612e-01
3.094026e+01 1.352226e-01
3.140602e+01 1.419091e-01
3.148487e+01 1.412300e-01
3.092605e+01 1.299660e-01
3.138667e+01 1.281385e-01
3.149556e+01 1.204357e-01
3.107243e+01 1.321714e-01
3.095669e+01 1.487777e-01
3.102865e+01 1.569966e-01
3.119781e+01 1.596344e-01
3.090296e+01 1.518052e-01
3.107072e+01 1.417745e-01
3.082784e+01 1.376626e-01
3.111917e+01 1.373781e-01
3.311727e+01 3.946339e-02
3.308706e+01 3.911013e-02
3.313005e+01 3.912785e-02
3.304355e+01 1.134305e-01
3.349130e+01 1.067701e-01
3.243772e+01 8.892567e-02
3.270928e+01 9.212037e-02
3.264401e+01 1.152472e-01
3.304261e+01 1.142341e-01
3.303554e+01 1.103897e-01
3.334531e+01 1.101446e-01
3.332006e+01 1.090252e-01
3.332248e+01 1.087723e-01
3.347717e+01 1.109701e-01
3.307724e+01 1.173253e-01
3.296212e+01 1.132350e-01
3.297107e+01 1.177004e-01
3.258983e+01 1.171764e-01
3.249397e+01 1.128287e-01
3.240686e+01 1.070707e-01
3.254650e+01 1.032304e-01
3.318888e+01 9.370698e-02
3.310267e+01 9.541238e-02
3.296403e+01 1.020439e-01
3.334125e+01 1.011993e-01
3.323684e+01 9.430635e-02
3.343935e+01 9.205039e-02
3.338524e+01 9.247524e-02
3.383114e+01 9.716143e-02
3.369880e+01 9.517319e-02
3.372586e+01 9.169423e-02
3.357172e+01 1.013437e-01
3.336169e+01 1.017562e-01
3.354544e+01 9.965563e-02
3.333711e+01 9.768006e-02
3.351764e+01 9.320286e-02
3.363074e+01 9.584152e-02
3.369346e+01 9.869985e-02
3.332935e+01 1.000787e-01
3.376111e+01 9.979493e-02
2.613279e+01 9.840998e-02
2.639911e+01 9.845544e-02
2.626428e+01 9.818994e-02
3.159032e+01 1.518791e-01
3.347841e+01 1.012059e-01
3.178915e+01 1.439959e-01
3.338231e+01 1.016690e-01
3.218230e+01 1.555636e-01
3.368842e+01 1.025779e-01
3.171876e+01 1.592787e-01
3.366371e+01 1.017978e-01
3.225954e+01 1.541534e-01
3.357491e+01 1.022486e-01
3.188857e+01 1.416775e-01
3.363861e+01 1.022969e-01
3.339719e+01 1.025852e-01
3.322905e+01 1.309906e-01
3.350938e+01 1.031635e-01
3.302542e+01 1.335745e-01
3.349176e+01 1.022193e-01
3.304473e+01 1.384835e-01
3.382254e+01 1.015507e-01
3.321025e+01 1.452589e-01
3.361041e+01 1.018697e-01
3.332954e+01 1.486867e-01
3.386762e+01 1.032456e-01
3.318504e+01 1.491852e-01
3.343884e+01 1.039369e-01
3.309717e+01 1.484605e-01
3.346508e+01 1.045442e-01
3.353241e+01 1.455148e-01
3.363316e+01 1.029252e-01
3.324535e+01 1.457888e-01
3.364323e+01 1.023993e-01
3.188618e+01 1.475771e-01
3.374538e+01 1.021841e-01
3.194555e+01 1.486403e-01
3.380507e+01 1.008924e-01
3.262997e+01 1.498770e-01
3.376512e+01 1.004935e-01
3.308451e+01 1.495260e-01
3.333117e+01 1.004721e-01
3.301719e+01 1.511012e-01
3.357927e+01 1.001225e-01
3.327916e+01 1.511709e-01
3.360317e+01 1.007834e-01
3.312178e+01 1.507048e-01
3.382204e+01 1.002551e-01
3.161346e+01 1.509268e-01
3.377329e+01 1.000628e-01
3.138724e+01 1.482373e-01
3.334681e+01 1.000213e-01
3.037273e+01 1.506903e-01
3.359895e+01 1.002449e-01
3.059436e+01 1.496733e-01
3.374679e+01 1.002025e-01
2.810042e+01 1.220643e-01
2.794702e+01 1.215647e-01
2.777288e+01 1.216093e-01
2.982081e+01 1.759560e-01
3.012997e+01 1.508524e-01
3.374561e+01 9.913927e-02
3.049228e+01 1.684954e-01
3.036687e+01 1.504743e-01
3.376044e+01 9.947850e-02
3.084206e+01 1.693452e-01
3.323849e+01 1.494777e-01
3.361099e+01 9.914595e-02
3.049814e+01 1.688582e-01
3.331580e+01 1.501222e-01
3.368954e+01 9.823466e-02
3.350509e+01 1.510105e-01
2.938825e+01 1.692193e-01
3.351741e+01 9.670555e-02
3.337880e+01 1.512500e-01
2.959222e+01 1.583142e-01
3.364752e+01 9.599456e-02
3.030368e+01 1.518321e-01
2.952723e+01 1.606456e-01
3.340865e+01 9.698795e-02
3.010370e+01 1.496950e-01
2.968692e+01 1.675498e-01
3.373451e+01 9.614207e-02
3.042045e+01 1.507049e-01
2.945178e+01 1.633069e-01
3.367391e+01 9.627714e-02
2.986345e+01 1.523476e-01
3.000497e+01 1.662533e-01
3.342686e+01 9.560899e-02
3.043258e+01 1.516453e-01
2.932319e+01 1.679495e-01
3.377279e+01 9.558398e-02
2.974514e+01 1.524098e-01
2.954539e+01 1.631478e-01
3.354988e+01 9.636374e-02
3.096620e+01 1.545643e-01
2.994120e+01 1.611525e-01
3.363517e+01 9.592878e-02
2.999416e+01 1.524804e-01
3.019703e+01 1.661555e-01
3.378413e+01 9.667401e-02
2.975301e+01 1.646761e-01
2.968526e+01 1.535566e-01
3.367137e+01 9.569937e-02
2.929365e+01 1.594722e-01
3.006648e+01 1.529393e-01
3.364761e+01 9.654585e-02
2.961725e+01 1.415950e-01
3.358734e+01 9.609542e-02
2.993177e+01 1.538765e-01
3.103973e+01 1.337145e-01
3.352605e+01 9.559862e-02
3.030911e+01 1.530528e-01
3.080991e+01 1.299408e-01
3.343074e+01 9.587987e-02
2.999081e+01 1.536900e-01
3.094129e+01 1.310430e-01
3.334567e+01 9.562397e-02
3.003539e+01 1.543091e-01
3.093011e+01 1.344999e-01
3.370261e+01 9.603108e-02
3.088478e+01 1.411358e-01
2.992837e+01 1.552482e-01
3.368003e+01 9.742578e-02
3.103550e+01 1.429815e-01
2.986039e+01 1.542032e-01
3.350002e+01 9.789595e-02
3.089783e+01 1.438289e-01
2.964356e+01 1.554620e-01
3.358925e+01 9.802363e-02
3.084967e+01 1.429027e-01
2.988211e+01 1.552949e-01
3.339660e+01 9.806064e-02
3.090554e+01 1.412502e-01
3.048739e+01 1.563864e-01
3.088862e+01 1.374739e-01
3.366392e+01 9.955081e-02
3.033655e+01 1.576865e-01
3.370392e+01 1.012553e-01
3.009096e+01 1.584212e-01
3.383385e+01 1.000365e-01
2.952304e+01 1.588484e-01
3.355828e+01 9.974062e-02
3.312957e+01 1.593720e-01
3.347168e+01 9.897605e-02
3.296506e+01 1.586809e-01
3.334341e+01 9.805841e-02
3.303510e+01 1.593864e-01
3.343499e+01 9.835911e-02
3.295150e+01 1.605250e-01
3.333572e+01 1.048614e-01
2.986735e+01 1.594499e-01
3.359200e+01 1.067048e-01
3.036637e+01 1.595718e-01
3.351102e+01 1.015289e-01
3.305939e+01 1.618371e-01
3.369328e+01 9.579845e-02
3.387406e+01 9.515023e-02
3.328075e+01 1.623220e-01
3.348173e+01 9.749521e-02
3.022478e+01 1.625577e-01
3.394866e+01 1.028137e-01
3.025685e+01 1.628333e-01
3.374931e+01 9.906007e-02
3.299181e+01 1.628294e-01
3.362006e+01 1.183307e-01
3.297752e+01 1.639262e-01
3.371760e+01 1.128623e-01
3.021236e+01 1.625172e-01
3.342562e+01 1.144107e-01
2.984619e+01 1.653151e-01
3.312258e+01 1.652155e-01
3.351055e+01 1.166228e-01
3.331187e+01 1.655422e-01
3.300377e+01 1.644946e-01
3.152595e+01 1.647668e-01
3.067123e+01 1.645365e-01
3.303878e+01 1.652475e-01
3.315350e+01 1.685621e-01
3.327043e+01 1.687562e-01
2.997764e+01 1.679659e-01
3.303312e+01 1.674034e-01
3.327504e+01 1.682986e-01
3.015705e+01 1.684144e-01
2.982605e+01 1.703191e-01
3.044563e+01 1.694333e-01
3.039534e+01 1.688386e-01
2.690807e+01 1.333036e-01
2.699789e+01 1.318755e-01
2.684618e+01 1.334524e-01
3.345179e+01 9.851887e-02
3.354959e+01 1.108408e-01
3.352084e+01 1.087035e-01
3.364397e+01 1.082068e-01
3.339302e+01 1.081573e-01
3.361186e+01 1.096770e-01
3.319436e+01 1.095340e-01
3.328441e+01 1.086317e-01
3.338172e+01 1.086829e-01
3.356541e+01 1.085019e-01
3.346343e+01 1.082931e-01
3.339587e+01 1.075959e-01
3.359368e+01 1.074188e-01
3.348133e+01 1.070239e-01
3.309303e+01 1.074046e-01
3.354048e+01 1.062780e-01
3.342057e+01 1.072315e-01
3.339292e+01 1.083246e-01
3.347168e+01 1.104768e-01
3.322509e+01 1.116365e-01
3.336504e+01 1.135989e-01
3.318832e+01 1.183262e-01
3.343557e+01 1.237913e-01
3.338301e+01 1.293877e-01
3.317590e+01 1.315288e-01
3.323498e+01 1.343979e-01
3.363047e+01 1.368146e-01
3.316759e+01 1.377617e-01
3.335912e+01 1.368189e-01
3.323010e+01 1.364166e-01
3.352784e+01 1.350704e-01
3.347639e+01 1.344929e-01
3.327599e+01 1.260355e-01
3.330012e+01 1.251886e-01
3.342311e+01 1.225172e-01
3.361396e+01 1.217002e-01
3.313891e+01 1.229147e-01
3.334114e+01 1.236185e-01
3.269660e+01 1.242497e-01
3.291995e+01 1.255355e-01
3.308528e+01 1.265563e-01
3.293838e+01 1.270314e-01
3.264538e+01 1.272480e-01
3.294444e+01 1.289948e-01
3.283278e+01 1.280933e-01
3.302124e+01 1.294410e-01
3.270408e+01 1.291596e-01
3.307794e+01 1.289938e-01
3.285511e+01 1.293816e-01
3.285236e+01 1.298341e-01
3.281103e+01 1.290552e-01
3.290811e+01 1.276397e-01
3.291737e+01 1.252740e-01
3.316948e+01 1.213249e-01
2.657166e+01 1.110695e-01
2.653151e+01 1.112745e-01
2.638893e+01 1.110981e-01
3.109478e+01 7.054502e-02
3.118576e+01 7.326996e-02
3.322391e+01 8.112617e-02
3.289009e+01 8.123452e-02
3.298351e+01 8.141816e-02
3.270221e+01 8.484501e-02
3.230333e+01 9.163067e-02
3.195489e+01 9.998547e-02
3.223940e+01 1.028348e-01
3.073705e+01 1.069087e-01
3.308043e+01 5.211970e-02
3.296437e+01 5.247338e-02
3.304456e+01 5.210026e-02
3.354431e+01 9.450978e-02
3.266499e+01 1.090705e-01
3.371056e+01 8.626650e-02
3.313441e+01 1.075342e-01
3.370829e+01 8.559457e-02
3.308811e+01 1.095127e-01
3.354655e+01 8.690954e-02
3.344925e+01 8.807655e-02
3.345422e+01 1.093214e-01
3.330715e+01 8.798538e-02
3.305859e+01 1.090138e-01
3.334307e+01 8.826418e-02
3.323705e+01 1.104335e-01
3.361861e+01 8.961907e-02
3.333341e+01 1.152907e-01
3.369978e+01 8.917334e-02
3.338944e+01 9.026358e-02
3.299976e+01 1.151899e-01
3.337573e+01 9.098220e-02
3.298618e+01 1.180185e-01
3.365732e+01 9.039778e-02
3.313103e+01 1.198135e-01
3.361875e+01 9.156361e-02
3.318518e+01 1.203638e-01
3.339580e+01 8.988681e-02
3.309710e+01 1.207341e-01
3.348221e+01 9.199357e-02
3.315711e+01 1.129826e-01
3.345952e+01 9.281332e-02
3.328690e+01 1.045489e-01
3.353774e+01 9.413907e-02
3.366877e+01 9.435529e-02
3.319186e+01 9.970829e-02
3.342667e+01 9.576694e-02
3.283665e+01 9.123506e-02
3.337101e+01 9.577422e-02
3.291622e+01 9.274176e-02
3.356500e+01 9.652714e-02
3.291579e+01 9.395046e-02
3.348583e+01 9.737983e-02
3.368222e+01 9.843019e-02
3.001519e+01 9.570290e-02
3.332700e+01 9.941222e-02
2.999823e+01 1.030809e-01
3.331013e+01 9.914309e-02
3.108047e+01 1.148461e-01
3.374185e+01 1.001269e-01
3.346536e+01 1.007150e-01
3.192523e+01 1.233681e-01
3.352006e+01 1.011781e-01
3.182245e+01 1.323570e-01
3.360027e+01 1.019446e-01
3.348030e+01 1.024935e-01
3.182393e+01 1.396098e-01
3.332008e+01 1.029647e-01
3.192632e+01 1.337618e-01
3.351492e+01 1.032063e-01
3.119280e+01 1.359627e-01
3.363216e+01 1.034799e-01
3.086398e+01 1.326434e-01
3.351401e+01 1.059610e-01
3.321166e+01 1.064009e-01
3.091204e+01 1.336473e-01
3.330880e+01 1.061084e-01
3.080521e+01 1.359749e-01
3.359807e+01 1.066718e-01
3.349893e+01 1.069807e-01
3.139428e+01 1.331481e-01
3.336441e+01 1.075761e-01
3.107399e+01 1.350932e-01
3.320364e+01 1.079620e-01
3.077481e+01 1.347824e-01
3.375343e+01 1.087098e-01
3.083641e+01 1.329849e-01
3.336196e+01 1.089209e-01
3.321348e+01 1.080655e-01
3.149817e+01 1.336967e-01
3.351706e+01 1.086119e-01
3.096728e+01 1.322005e-01
3.352330e+01 1.080272e-01
3.038563e+01 1.326544e-01
3.352571e+01 1.083026e-01
3.306038e+01 1.488179e-01
3.337429e+01 1.081640e-01
3.357626e+01 1.520076e-01
3.345951e+01 1.073753e-01
3.014235e+01 1.557319e-01
3.342480e+01 1.080143e-01
3.354799e+01 1.093626e-01
3.034760e+01 1.605340e-01
3.326555e+01 1.090665e-01
2.965556e+01 1.648588e-01
3.347892e+01 1.079883e-01
2.986849e+01 1.658626e-01
3.329452e+01 1.079812e-01
3.016271e+01 1.630962e-01
3.352868e+01 1.077851e-01
3.018105e+01 1.468246e-01
3.329554e+01 1.083147e-01
3.001767e+01 1.483977e-01
3.358607e+01 1.079991e-01
2.987000e+01 1.480247e-01
3.363503e+01 1.079323e-01
3.351362e+01 1.072400e-01
2.980167e+01 1.491537e-01
3.349773e+01 1.076226e-01
2.934978e+01 1.498506e-01
2.987492e+01 1.507615e-01
3.328751e+01 1.077697e-01
2.982515e+01 1.515993e-01
3.361895e+01 1.080922e-01
2.987439e+01 1.530083e-01
3.357199e+01 1.077690e-01
3.000379e+01 1.536098e-01
3.349523e+01 1.083632e-01
3.000196e+01 1.544681e-01
3.332566e+01 1.085865e-01
3.319919e+01 1.552251e-01
3.334305e+01 1.084319e-01
3.378371e+01 1.560181e-01
3.352096e+01 1.079563e-01
3.351283e+01 1.574018e-01
3.355760e+01 1.088957e-01
3.331411e+01 1.586905e-01
3.358277e+01 1.090643e-01
3.293319e+01 1.600505e-01
3.323774e+01 1.088018e-01
3.350316e+01 1.604142e-01
3.334046e+01 1.084416e-01
3.324298e+01 1.090427e-01
3.321507e+01 1.619395e-01
3.356431e+01 1.095710e-01
3.360414e+01 1.621821e-01
3.327828e+01 1.087051e-01
3.248074e+01 1.631632e-01
3.347936e+01 1.090770e-01
3.141755e+01 1.638964e-01
3.342845e+01 1.086029e-01
3.120099e+01 1.671479e-01
3.339654e+01 1.089662e-01
3.118328e+01 1.669096e-01
3.332492e+01 1.089520e-01
3.090132e+01 1.663225e-01
3.341631e+01 1.092076e-01
2.997357e+01 1.671425e-01
3.349875e+01 1.094960e-01
3.021757e+01 1.682855e-01
3.312481e+01 1.092746e-01
2.997848e+01 1.678757e-01
3.373416e+01 1.096950e-01
2.994733e+01 1.672346e-01
3.335964e+01 1.092410e-01
2.969474e+01 1.671062e-01
3.334876e+01 1.097422e-01
3.344412e+01 1.103421e-01
2.997716e+01 1.678119e-01
3.372222e+01 1.100518e-01
2.996016e+01 1.677108e-01
3.370439e+01 1.100219e-01
2.979804e+01 1.658778e-01
3.347909e+01 1.106808e-01
2.969980e+01 1.682125e-01
3.371412e+01 1.105211e-01
3.008592e+01 1.677238e-01
3.335084e+01 1.111897e-01
2.992005e+01 1.684578e-01
3.341365e+01 1.105338e-01
2.993816e+01 1.698033e-01
3.325122e+01 1.110968e-01
3.000095e+01 1.689629e-01
3.329414e+01 1.116370e-01
3.009574e+01 1.708611e-01
3.336707e+01 1.122343e-01
3.014097e+01 1.720196e-01
3.337746e+01 1.121977e-01
3.024759e+01 1.696150e-01
3.355655e+01 1.122305e-01
3.311375e+01 1.703125e-01
3.341400e+01 1.122133e-01
3.303938e+01 1.736069e-01
3.361841e+01 1.124930e-01
3.316868e+01 1.730724e-01
3.345599e+01 1.115732e-01
3.354478e+01 1.107289e-01
2.984237e+01 1.722337e-01
3.343061e+01 1.085580e-01
2.987205e+01 1.721372e-01
3.338019e+01 1.074997e-01
3.007282e+01 1.728232e-01
3.349912e+01 1.096506e-01
3.007944e+01 1.717504e-01
2.988817e+01 1.693192e-01
3.335464e+01 1.049259e-01
2.981055e+01 1.700479e-01
3.388373e+01 9.898914e-02
2.995440e+01 1.694081e-01
3.354971e+01 9.553558e-02
2.990968e+01 1.675553e-01
3.367387e+01 9.715767e-02
2.994450e+01 1.656818e-01
3.373895e+01 9.531590e-02
2.995234e+01 1.641772e-01
3.368483e+01 1.012177e-01
2.992037e+01 1.637395e-01
3.375649e+01 1.008713e-01
2.996838e+01 1.629310e-01
3.388002e+01 9.996378e-02
3.000944e+01 1.632498e-01
3.374667e+01 1.193117e-01
2.971691e+01 1.624712e-01
3.369497e+01 1.133402e-01
3.341605e+01 1.141931e-01
3.354508e+01 1.158894e-01
3.336840e+01 1.204862e-01
3.335717e+01 1.374357e-01
3.342957e+01 1.432299e-01
3.355837e+01 1.345946e-01
3.339313e+01 1.214394e-01
3.315862e+01 1.178369e-01
3.327849e+01 1.276829e-01
3.267551e+01 1.257908e-01
3.265451e+01 1.075712e-01
3.323769e+01 1.171660e-01
3.279731e+01 1.360934e-01
3.347997e+01 1.446285e-01
3.338008e+01 1.628887e-01
3.044412e+01 1.598409e-01
2.936277e+01 1.725206e-01
3.331583e+01 1.901901e-01
2.515073e+01 2.218907e-01
2.516190e+01 2.231949e-01
2.517206e+01 2.221648e-01
3.021825e+01 1.919123e-01
3.138558e+01 1.693736e-01
3.155750e+01 1.739563e-01
3.141571e+01 1.629802e-01
3.109856e+01 1.623498e-01
3.079435e+01 1.705638e-01
3.129274e+01 1.615507e-01
3.135561e+01 1.515880e-01
3.119852e+01 1.654466e-01
3.143035e+01 1.758488e-01
3.130093e+01 1.664448e-01
3.138490e+01 1.597240e-01
3.298423e+01 1.629322e-01
3.293403e+01 1.639159e-01
3.290543e+01 1.661060e-01
3.291609e+01 1.677043e-01
2.962013e+01 1.653376e-01
3.176737e+01 1.558820e-01
3.132437e+01 1.486704e-01
3.142767e+01 1.509076e-01
3.195588e+01 1.480907e-01
3.112365e+01 1.454770e-01
3.159157e+01 1.555852e-01
3.088361e+01 1.638559e-01
3.156518e+01 1.597970e-01
2.887873e+01 1.572189e-01
2.877523e+01 1.603686e-01
2.866525e+01 1.557779e-01
2.883215e+01 1.548345e-01
2.774498e+01 1.486705e-01
2.808891e+01 1.296852e-01
2.885024e+01 1.178500e-01
3.270363e+01 1.224518e-01
3.246717e+01 1.176565e-01
3.312925e+01 1.169411e-01
3.276163e+01 1.231426e-01
3.280422e+01 1.262731e-01
3.272672e+01 1.274449e-01
2.933887e+01 1.273010e-01
2.921678e+01 1.283688e-01
2.919154e+01 1.299304e-01
2.924605e+01 1.313725e-01
2.861968e+01 1.360950e-01
2.864766e+01 1.387976e-01
2.915354e+01 1.413675e-01
3.263570e+01 7.080312e-02
3.260537e+01 7.108644e-02
3.260782e+01 7.152237e-02
3.304494e+01 8.015810e-02
3.274595e+01 1.077057e-01
3.283717e+01 1.066367e-01
3.287901e+01 1.055944e-01
3.303113e+01 1.069479e-01
3.306502e+01 1.080232e-01
3.256927e+01 1.093974e-01
3.326574e+01 1.093187e-01
3.305701e+01 1.104119e-01
3.351133e+01 1.107948e-01
3.357608e+01 1.057793e-01
3.358045e+01 1.062663e-01
3.326126e+01 1.048851e-01
3.346654e+01 1.068687e-01
3.350521e+01 1.067981e-01
3.367645e+01 1.106123e-01
3.322620e+01 1.064829e-01
3.372300e+01 1.082497e-01
3.371601e+01 1.089423e-01
3.364540e+01 1.103905e-01
3.331977e+01 1.082584e-01
3.340412e+01 1.098156e-01
3.369696e+01 1.122408e-01
3.348024e+01 1.103071e-01
3.355312e+01 1.098948e-01
3.360155e+01 1.091773e-01
3.345642e+01 1.097136e-01
3.348111e+01 1.059323e-01
3.345585e+01 1.080607e-01
3.339332e+01 1.094259e-01
3.324492e+01 1.048682e-01
3.330461e+01 1.089213e-01
3.361965e+01 1.085196e-01
3.370784e+01 1.100351e-01
3.334129e+01 1.032103e-01
3.337890e+01 1.018381e-01
3.337245e+01 1.058541e-01
3.323114e+01 1.007158e-01
3.322747e+01 1.032954e-01
3.348778e+01 1.041967e-01
3.353091e+01 9.902848e-02
3.330375e+01 1.049661e-01
3.352242e+01 9.889802e-02
3.350926e+01 9.884712e-02
3.337830e+01 9.808792e-02
3.358048e+01 9.957005e-02
3.331806e+01 9.837678e-02
3.323212e+01 9.574317e-02
3.355831e+01 1.002823e-01
3.335548e+01 9.489951e-02
3.356891e+01 9.737028e-02
3.323179e+01 1.028567e-01
3.339993e+01 1.080928e-01
3.339517e+01 1.131188e-01
3.328666e+01 1.158595e-01
3.318641e+01 1.191706e-01
3.350389e+01 1.218256e-01
3.332032e+01 1.219254e-01
3.354472e+01 1.214369e-01
3.330304e+01 1.221755e-01
3.320310e+01 1.239086e-01
3.334106e+01 1.236921e-01
3.276347e+01 1.254007e-01
3.245338e+01 1.265687e-01
3.301975e+01 1.274283e-01
3.274719e+01 1.285023e-01
3.310267e+01 1.274074e-01
3.316031e+01 1.246675e-01
3.295974e+01 1.216666e-01
3.275295e+01 1.204180e-01
3.279374e+01 1.194553e-01
3.309341e+01 1.194882e-01
3.284959e+01 1.185717e-01
3.289016e+01 1.188821e-01
3.291182e+01 1.181814e-01
3.332128e+01 1.179449e-01
3.314358e+01 1.172597e-01
3.296654e+01 1.174787e-01
3.324642e+01 1.179502e-01
3.321128e+01 1.185243e-01
3.297987e+01 1.182794e-01
3.306536e+01 1.194193e-01
3.305173e+01 1.189943e-01
3.301910e+01 1.184929e-01
3.286919e+01 1.001217e-01
3.280019e+01 9.937588e-02
3.288502e+01 9.942045e-02
3.311918e+01 1.086744e-01
3.335535e+01 1.059435e-01
3.349412e+01 1.036600e-01
3.338685e+01 1.041464e-01
3.356171e+01 1.038920e-01
3.334264e+01 1.033455e-01
3.319058e+01 1.028313e-01
3.339109e+01 1.029998e-01
3.323528e+01 1.020279e-01
3.319794e+01 1.022834e-01
2.778899e+01 1.070921e-01
2.772579e+01 1.059183e-01
2.762323e+01 1.058132e-01
3.306827e+01 1.037867e-01
3.341850e+01 1.106765e-01
3.289489e+01 1.035296e-01
3.337422e+01 1.116968e-01
3.286415e+01 1.029464e-01
3.354644e+01 1.112120e-01
3.285879e+01 1.037968e-01
3.333871e+01 1.117170e-01
3.336545e+01 1.033431e-01
3.333559e+01 1.105735e-01
3.318530e+01 1.045596e-01
3.331060e+01 1.117195e-01
3.293097e+01 1.056033e-01
3.351385e+01 1.106952e-01
3.281641e+01 1.068562e-01
3.334195e+01 1.110221e-01
3.299514e+01 1.076140e-01
3.347321e+01 1.125180e-01
3.266741e+01 1.066456e-01
3.321891e+01 1.117683e-01
3.296118e+01 1.084722e-01
3.337724e+01 1.116045e-01
3.296831e+01 1.078675e-01
3.352026e+01 1.124955e-01
3.301111e+01 1.092191e-01
3.342399e+01 1.129454e-01
3.311201e+01 1.082199e-01
3.347197e+01 1.125564e-01
3.311193e+01 1.080108e-01
3.359819e+01 1.131263e-01
3.298229e+01 1.086550e-01
3.325089e+01 1.131139e-01
3.276049e+01 1.094543e-01
3.343741e+01 1.142580e-01
3.276309e+01 1.094665e-01
3.322288e+01 1.133810e-01
3.314577e+01 1.085014e-01
3.323977e+01 1.140996e-01
3.269862e+01 1.095481e-01
3.338194e+01 1.149151e-01
3.261283e+01 1.105613e-01
3.332852e+01 1.131814e-01
3.287064e+01 1.090571e-01
3.336683e+01 1.145995e-01
3.299435e+01 1.097392e-01
3.329820e+01 1.140896e-01
3.315698e+01 1.100609e-01
3.311858e+01 1.144074e-01
3.285409e+01 1.107516e-01
3.322634e+01 1.149993e-01
3.279324e+01 1.103246e-01
3.321012e+01 1.133551e-01
3.273168e+01 1.105249e-01
3.359676e+01 1.146403e-01
3.358388e+01 1.146803e-01
3.291778e+01 1.105663e-01
3.342122e+01 1.152353e-01
3.293266e+01 1.109908e-01
3.337344e+01 1.152143e-01
3.264705e+01 1.129132e-01
3.340623e+01 1.141520e-01
3.250091e+01 1.124411e-01
3.342867e+01 1.145612e-01
3.286098e+01 1.125617e-01
3.319155e+01 1.143691e-01
3.267780e+01 1.119794e-01
3.336847e+01 1.138627e-01
3.288093e+01 1.125028e-01
3.327556e+01 1.135058e-01
3.279123e+01 1.130372e-01
3.354072e+01 1.135308e-01
3.285674e+01 1.126900e-01
3.357486e+01 1.136516e-01
3.267577e+01 1.137122e-01
3.335510e+01 1.125904e-01
3.275725e+01 1.127090e-01
3.345675e+01 1.114055e-01
3.286432e+01 1.137946e-01
3.353671e+01 1.110920e-01
3.298984e+01 1.143945e-01
3.348504e+01 1.104159e-01
3.292932e+01 1.146084e-01
3.316858e+01 1.104857e-01
3.276236e+01 1.153592e-01
3.324827e+01 1.094527e-01
3.277110e+01 1.155805e-01
3.323095e+01 1.093159e-01
3.276152e+01 1.162578e-01
3.309311e+01 1.183494e-01
3.282571e+01 1.166785e-01
3.300857e+01 1.196654e-01
3.297114e+01 1.163142e-01
3.276903e+01 1.192297e-01
3.262333e+01 1.165097e-01
3.272500e+01 1.184632e-01
3.274398e+01 1.173369e-01
3.311328e+01 1.173684e-01
3.283789e+01 1.179180e-01
3.317592e+01 1.171682e-01
3.280230e+01 1.184319e-01
3.305396e+01 1.177882e-01
3.290115e+01 1.186456e-01
3.327762e+01 1.172417e-01
3.268533e+01 1.190884e-01
3.316192e+01 1.182506e-01
3.330169e+01 1.197624e-01
3.297024e+01 1.191574e-01
3.324512e+01 1.206035e-01
3.297967e+01 1.188763e-01
3.301155e+01 1.205440e-01
3.316876e+01 1.189946e-01
3.333433e+01 1.210541e-01
3.266781e+01 1.206219e-01
3.314428e+01 1.213865e-01
3.288732e+01 1.202484e-01
3.304283e+01 1.213466e-01
3.283582e+01 1.212680e-01
3.303075e+01 1.220400e-01
3.293830e+01 1.218074e-01
3.311514e+01 1.223490e-01
3.316017e+01 1.235612e-01
3.326934e+01 1.224660e-01
3.330920e+01 1.241292e-01
3.306402e+01 1.213352e-01
3.279656e+01 1.249283e-01
3.307438e+01 1.220137e-01
3.280268e+01 1.248997e-01
3.330252e+01 1.193019e-01
3.294737e+01 1.205227e-01
3.304981e+01 1.175157e-01
3.279668e+01 1.179188e-01
3.302693e+01 1.166042e-01
3.294465e+01 1.179518e-01
3.288416e+01 1.013416e-01
3.303507e+01 1.176092e-01
3.282361e+01 9.450799e-02
3.335609e+01 1.171249e-01
3.269494e+01 8.961828e-02
3.309016e+01 1.184459e-01
3.304814e+01 8.817138e-02
3.287515e+01 1.186371e-01
3.269273e+01 8.862894e-02
3.289692e+01 1.181025e-01
3.312431e+01 9.390869e-02
3.306500e+01 1.164913e-01
3.299633e+01 1.180940e-01
3.287351e+01 9.635906e-02
3.282806e+01 1.178851e-01
3.285877e+01 1.165106e-01
3.295572e+01 1.170720e-01
3.289887e+01 1.165154e-01
3.304725e+01 1.156299e-01
3.266053e+01 1.139800e-01
3.307350e+01 1.143744e-01
3.270332e+01 1.129475e-01
3.342205e+01 1.119016e-01
3.296206e+01 1.100597e-01
3.297001e+01 1.096631e-01
3.300768e+01 1.093690e-01
3.304706e+01 1.071755e-01
3.330214e+01 1.095024e-01
3.327716e+01 1.111596e-01
3.343942e+01 1.099324e-01
3.332663e+01 1.139168e-01
2.813119e+01 3.111776e+00
2.816432e+01 3.088519e+00
2.822977e+01 3.109535e+00
3.331758e+01 6.106661e+00
3.335923e+01 5.905625e+00
3.351620e+01 5.905017e+00
3.352109e+01 5.928735e+00
3.382889e+01 5.916561e+00
3.361583e+01 5.951950e+00
3.343026e+01 5.932828e+00
3.345955e+01 5.923623e+00
3.314430e+01 5.933313e+00
3.363955e+01 5.944317e+00
3.330880e+01 5.878524e+00
3.365304e+01 5.868258e+00
3.355807e+01 5.936943e+00
3.369438e+01 5.934158e+00
3.340576e+01 6.004619e+00
3.337534e+01 5.956448e+00
3.358916e+01 5.869034e+00
3.366077e+01 5.903038e+00
3.348096e+01 5.841912e+00
3.352880e+01 5.818125e+00
3.328534e+01 5.796825e+00
3.323195e+01 5.845008e+00
3.338569e+01 5.810622e+00
3.314845e+01 5.786820e+00
3.345229e+01 5.870184e+00
3.305680e+01 5.866531e+00
3.316530e+01 5.964536e+00
3.299016e+01 5.916477e+00
3.311373e+01 6.015780e+00
3.301646e+01 6.072185e+00
3.310256e+01 6.063471e+00
3.288738e+01 6.103626e+00
3.331873e+01 6.183705e+00
3.291525e+01 6.096678e+00
3.333516e+01 6.155033e+00
3.287180e+01 6.244034e+00
3.309079e+01 6.284846e+00
3.306404e+01 6.286602e+00
3.300552e+01 6.322864e+00
3.349596e+01 6.318301e+00
3.308259e+01 6.392401e+00
3.326336e+01 6.455405e+00
3.289063e+01 6.435360e+00
3.323338e+01 6.398809e+00
3.307926e+01 6.468597e+00
3.347728e+01 6.319518e+00
3.319679e+01 6.356388e+00
3.331692e+01 6.310093e+00
3.343375e+01 6.342593e+00
3.325395e+01 6.284791e+00
3.347656e+01 6.287691e+00
3.344739e+01 6.297988e+00
3.320996e+01 6.306325e+00
3.363556e+01 6.346514e+00
3.345850e+01 6.348845e+00
3.339485e+01 6.354594e+00
3.344851e+01 6.370365e+00
3.358808e+01 6.385673e+00
3.325985e+01 6.431858e+00
3.315020e+01 6.421637e+00
3.350399e+01 6.439634e+00
3.310401e+01 6.429854e+00
3.326433e+01 6.442436e+00
3.340863e+01 6.465937e+00
3.337666e+01 6.440490e+00
3.364497e+01 6.476433e+00
3.336203e+01 6.503048e+00
3.325680e+01 6.506201e+00
3.329970e+01 6.551487e+00
3.327875e+01 6.510751e+00
3.317050e+01 6.517303e+00
3.356781e+01 6.549230e+00
3.346545e+01 6.571453e+00
3.343109e+01 6.581316e+00
3.300421e+01 6.582354e+00
3.328613e+01 6.607736e+00
3.289298e+01 6.623709e+00
3.269818e+01 6.642359e+00
3.320832e+01 6.637591e+00
3.286545e+01 6.681351e+00
3.274746e+01 6.684451e+00
3.312094e+01 6.671006e+00
3.300537e+01 6.686239e+00
3.289318e+01 6.705822e+00
3.317187e+01 6.628323e+00
3.266385e+01 6.468608e+00
3.291184e+01 6.552864e+00
3.335384e+01 6.696844e+00
3.318116e+01 6.688553e+00
3.303360e+01 6.767695e+00
3.298331e+01 6.605553e+00
3.329754e+01 6.612460e+00
3.316441e+01 6.768205e+00
3.260304e+01 6.671529e+00
3.306130e+01 6.708851e+00
3.308751e+01 6.734482e+00
3.315856e+01 7.238312e+00
3.316367e+01 6.800887e+00
3.307686e+01 6.793912e+00
3.276744e+01 6.839730e+00
3.290718e+01 6.846257e+00
3.299516e+01 6.836469e+00
3.291370e+01 6.805726e+00
3.298867e+01 6.861778e+00
3.290066e+01 6.808878e+00
3.331448e+01 6.795642e+00
3.279439e+01 6.702055e+00
3.291641e+01 6.662554e+00
3.294034e+01 6.659705e+00
3.325294e+01 6.575345e+00
3.308567e+01 6.603991e+00
3.296013e+01 6.602096e+00
3.315262e+01 6.557092e+00
3.288523e+01 6.500969e+00
